0 0 0.9999999999999999
0 1 0.9973490692924157
0 2 0.5652963304506581
0 3 0.9961696174651031
0 4 0.997253227710996
0 5 0.9942877379470826
0 6 0.9976152743307447
0 7 0.9973327275046755
0 8 0.9980091346238906
0 9 0.9955832497977921
0 10 0.9955828011410277
0 11 0.9894265894181121
0 12 0.9894265894181121
0 13 0.9960586976090301
0 14 0.997035635064333
0 15 0.9974610653973008
0 16 0.9977333070163202
0 17 0.9978645771246545
0 18 0.9983594236338463
0 19 0.9977484103889267
0 20 0.9977221431237436
0 21 0.9973595929720748
0 22 0.9972838009445297
0 23 0.9975242935068444
0 24 0.9976992315682254
0 25 0.9977046243000193
0 26 0.9959067623836524
0 27 0.9971389930057414
0 28 0.9980762365809703
0 29 0.9980070782142789
0 30 0.9980838886205472
0 31 0.9921116135913286
0 32 0.9958236487191208
0 33 0.9978181312259196
0 34 0.9978327904162542
0 35 0.9981085896420293
0 36 0.9973007969486712
0 37 0.9951858660414773
0 38 0.9970512973543388
0 39 0.9956427986533283
0 40 0.9960586976090301
0 41 0.9944454967838947
0 42 0.9953968093262863
0 43 0.9971739656653772
0 44 0.9953458956182933
0 45 0.9963532716094751
0 46 0.9965504575430432
0 47 0.9952987388387532
0 48 0.995971771165303
0 49 0.9978613297506425
0 50 0.8916911892376549
0 51 0.9165625209147353
0 52 0.9567896040566867
0 53 0.9517851105091327
0 54 0.9499307726102632
0 55 0.9408829791670795
0 56 0.9487679870422575
0 57 0.9271461308392924
0 58 0.9376389504414848
0 59 0.9095143362761176
0 60 0.9567896040566867
0 61 0.9412576171105599
0 62 0.9349373033160578
0 63 0.9095143362761176
0 64 0.9095143362761176
0 65 0.9095143362761176
0 66 0.5857764616096651
0 67 0.9512517372475547
0 68 0.9325567087040063
0 69 0.9541062134318946
0 70 0.9526842905338669
0 71 0.923759303002903
0 72 0.9365832717520077
0 73 0.9533876566244688
0 74 0.9282979836468356
0 75 0.9413385514173257
0 76 0.8938684266389483
0 77 0.927428198396187
0 78 0.9095143362761176
0 79 0.9148823776505189
0 80 0.9095143362761176
0 81 0.9095143362761176
0 82 0.9095143362761176
0 83 0.9095143362761176
0 84 0.9230312983043478
0 85 0.9095143362761176
0 86 0.9095143362761176
0 87 0.9095143362761176
0 88 0.9369656967850676
0 89 0.9308096621543627
0 90 0.9308096621543627
0 91 0.9308096621543627
0 92 0.9308096621543627
0 93 0.9308096621543627
0 94 0.9308096621543627
0 95 0.9308096621543627
0 96 0.9308096621543627
0 97 0.9308096621543627
0 98 0.9308096621543627
0 99 0.9308096621543627
0 100 0.9308096621543627
0 101 0.9095143362761176
0 102 0.9095143362761176
0 103 0.9095143362761176
0 104 0.9095143362761176
0 105 0.9095143362761176
0 106 0.9095143362761176
0 107 0.9095143362761176
0 108 0.9095143362761176
0 109 0.9095143362761176
0 110 0.9095143362761176
0 111 0.9095143362761176
0 112 0.9095143362761176
0 113 0.9095143362761176
0 114 0.9095143362761176
0 115 0.9182184013582275
0 116 0.9392951028054449
0 117 0.9346976778682575
0 118 0.9284554784309909
0 119 0.923290631154833
0 120 0.9469111668068554
1 0 0.9973490692924157
1 1 1.0
1 2 0.5628378761043026
1 3 0.9969828194163225
1 4 0.9975698158721852
1 5 0.992801866269494
1 6 0.9975317682679874
1 7 0.9979267577255682
1 8 0.9966032743310955
1 9 0.9940217194619192
1 10 0.9935891450628886
1 11 0.9876718457454672
1 12 0.9876718457454672
1 13 0.9951364772598922
1 14 0.9957133309810426
1 15 0.9962202509578911
1 16 0.9966768360798357
1 17 0.9964156273159832
1 18 0.9969291824829787
1 19 0.9961842290885274
1 20 0.9961316175302718
1 21 0.9955234816921193
1 22 0.995540239021198
1 23 0.9966393209895434
1 24 0.9962771859484739
1 25 0.9962713611654919
1 26 0.9947387441291969
1 27 0.996011622648333
1 28 0.9966628957299281
1 29 0.9969114407043912
1 30 0.9966081368389784
1 31 0.9909822082863028
1 32 0.9934717640789159
1 33 0.9963042830327214
1 34 0.996690810296132
1 35 0.9966999541948719
1 36 0.9960576837326427
1 37 0.9946955192500134
1 38 0.9958746138822676
1 39 0.996777790799727
1 40 0.9951364772598922
1 41 0.9952137400254474
1 42 0.9963805336277778
1 43 0.9975722160648943
1 44 0.9956076091706786
1 45 0.9976777813789209
1 46 0.9974528346968943
1 47 0.9950716858340984
1 48 0.9969881903004983
1 49 0.9963978839455819
1 50 0.8945948526036052
1 51 0.9169857174562642
1 52 0.9573630007445388
1 53 0.9524468437498533
1 54 0.9513190821854253
1 55 0.9420684759892624
1 56 0.950086466603304
1 57 0.9294012566328833
1 58 0.9399667353164688
1 59 0.9100725022024398
1 60 0.9573630007445388
1 61 0.9429859361888707
1 62 0.9361896061574868
1 63 0.9100725022024398
1 64 0.9100725022024398
1 65 0.9100725022024398
1 66 0.5862692438063729
1 67 0.9522300367449116
1 68 0.9340723009426395
1 69 0.9546833779288608
1 70 0.9532842180993293
1 71 0.9256796779031033
1 72 0.9376195939523956
1 73 0.9540196819603499
1 74 0.9313740548287541
1 75 0.9430133374799818
1 76 0.8978691782810319
1 77 0.9296856859575162
1 78 0.9100725022024398
1 79 0.9185597800115768
1 80 0.9100725022024398
1 81 0.9100725022024398
1 82 0.9100725022024398
1 83 0.9100725022024398
1 84 0.9253807042178118
1 85 0.9100725022024398
1 86 0.9100725022024398
1 87 0.9100725022024398
1 88 0.9395094508184951
1 89 0.9314373034276014
1 90 0.9314373034276014
1 91 0.9314373034276014
1 92 0.9314373034276014
1 93 0.9314373034276014
1 94 0.9314373034276014
1 95 0.9314373034276014
1 96 0.9314373034276014
1 97 0.9314373034276014
1 98 0.9314373034276014
1 99 0.9314373034276014
1 100 0.9314373034276014
1 101 0.9100725022024398
1 102 0.9100725022024398
1 103 0.9100725022024398
1 104 0.9100725022024398
1 105 0.9100725022024398
1 106 0.9100725022024398
1 107 0.9100725022024398
1 108 0.9100725022024398
1 109 0.9100725022024398
1 110 0.9100725022024398
1 111 0.9100725022024398
1 112 0.9100725022024398
1 113 0.9100725022024398
1 114 0.9100725022024398
1 115 0.9223311854810401
1 116 0.9407661165982121
1 117 0.9363225808693277
1 118 0.9315462068385338
1 119 0.9260013543855766
1 120 0.9485931150581666
2 0 0.5652963304506581
2 1 0.5628378761043026
2 2 0.9999999999999999
2 3 0.5677093125177389
2 4 0.5541301672126152
2 5 0.5934605805287078
2 6 0.5688681865539575
2 7 0.5618118819579779
2 8 0.5665930776699816
2 9 0.5895478337174875
2 10 0.5808344208165783
2 11 0.5816562032919983
2 12 0.5816562032919983
2 13 0.5783492078083671
2 14 0.572302277260236
2 15 0.5792539888422327
2 16 0.5603070662580731
2 17 0.5773942983035366
2 18 0.5611103710176502
2 19 0.574674942696619
2 20 0.5797507534632861
2 21 0.5702189252604514
2 22 0.5525787057661636
2 23 0.565845529725236
2 24 0.5777413647545457
2 25 0.5655346401643345
2 26 0.5417123269898861
2 27 0.5664582991051866
2 28 0.5648985320154645
2 29 0.5711178199662504
2 30 0.5643381929014359
2 31 0.5985933834960511
2 32 0.576749736557549
2 33 0.5767356804224378
2 34 0.5641918486279784
2 35 0.562889895197622
2 36 0.570420118315312
2 37 0.5857363910045489
2 38 0.5801596717134142
2 39 0.5684272827646294
2 40 0.5783492078083671
2 41 0.5743907396937646
2 42 0.5693298067299813
2 43 0.5573113063644654
2 44 0.5758219794559066
2 45 0.5680895304891769
2 46 0.5687480031701836
2 47 0.5862351923504123
2 48 0.5705573550384868
2 49 0.5720521280468789
2 50 0.4597930578734454
2 51 0.44497161829214366
2 52 0.4582876644606977
2 53 0.4612123480424911
2 54 0.45900180987454015
2 55 0.46314476333062776
2 56 0.4637360706289217
2 57 0.46590908919293467
2 58 0.47003125688759456
2 59 0.4594587199108013
2 60 0.4582876644606977
2 61 0.46137435444628533
2 62 0.45927242846600286
2 63 0.4594587199108013
2 64 0.4594587199108013
2 65 0.4594587199108013
2 66 0.3468753922137714
2 67 0.46383912820647155
2 68 0.46624413172627627
2 69 0.4633021856452342
2 70 0.4633039272328468
2 71 0.4637634459581684
2 72 0.4648731218205293
2 73 0.46079179610990195
2 74 0.4740948277172054
2 75 0.46339553247607634
2 76 0.4589822592365436
2 77 0.46511016075404105
2 78 0.4594587199108013
2 79 0.48602907782650484
2 80 0.4594587199108013
2 81 0.4594587199108013
2 82 0.4594587199108013
2 83 0.4594587199108013
2 84 0.48211847796822427
2 85 0.4594587199108013
2 86 0.4594587199108013
2 87 0.4594587199108013
2 88 0.46903778353539827
2 89 0.4519118037755613
2 90 0.4519118037755613
2 91 0.4519118037755613
2 92 0.4519118037755613
2 93 0.4519118037755613
2 94 0.4519118037755613
2 95 0.4519118037755613
2 96 0.4519118037755613
2 97 0.4519118037755613
2 98 0.4519118037755613
2 99 0.4519118037755613
2 100 0.4519118037755613
2 101 0.4594587199108013
2 102 0.4594587199108013
2 103 0.4594587199108013
2 104 0.4594587199108013
2 105 0.4594587199108013
2 106 0.4594587199108013
2 107 0.4594587199108013
2 108 0.4594587199108013
2 109 0.4594587199108013
2 110 0.4594587199108013
2 111 0.4594587199108013
2 112 0.4594587199108013
2 113 0.4594587199108013
2 114 0.4594587199108013
2 115 0.4880143545744997
2 116 0.4538291623941465
2 117 0.4565662022631509
2 118 0.4697930310077004
2 119 0.46459844204706546
2 120 0.4659656445260538
3 0 0.9961696174651031
3 1 0.9969828194163225
3 2 0.5677093125177389
3 3 1.0000000000000002
3 4 0.9965315818572664
3 5 0.9930416551286739
3 6 0.9965630875292298
3 7 0.9972564263400313
3 8 0.9954372480750663
3 9 0.9939113657499123
3 10 0.9933550800747876
3 11 0.9886817443854037
3 12 0.9886817443854037
3 13 0.9940702681247495
3 14 0.9950462595218089
3 15 0.9957093704828007
3 16 0.995882641646381
3 17 0.99538141281901
3 18 0.9960985840375749
3 19 0.9953420434420286
3 20 0.9954155037850514
3 21 0.9945385750963935
3 22 0.9938810504898284
3 23 0.9952241054776855
3 24 0.995900715041769
3 25 0.9952702184608659
3 26 0.9922191372776482
3 27 0.9953796917947852
3 28 0.9957255399594559
3 29 0.9962449279549763
3 30 0.9955212467982473
3 31 0.9911113455790534
3 32 0.9933076674275535
3 33 0.9958009333497333
3 34 0.9957474876436933
3 35 0.9961995539759804
3 36 0.9957337125151808
3 37 0.9949357996890673
3 38 0.9954359975242415
3 39 0.9962641023284315
3 40 0.9940702681247495
3 41 0.9955479289656156
3 42 0.9971413374863441
3 43 0.9970744603445221
3 44 0.9965648906183808
3 45 0.9972058622768217
3 46 0.9971965486419306
3 47 0.995201642443456
3 48 0.9956244317482024
3 49 0.995240866853407
3 50 0.8890589888699364
3 51 0.9121891032767614
3 52 0.9525903008285864
3 53 0.9472645879718516
3 54 0.946141652810297
3 55 0.9367753882824482
3 56 0.9452298714450905
3 57 0.9236739231084045
3 58 0.9343672173328321
3 59 0.9048776817511296
3 60 0.9525903008285864
3 61 0.937532563339929
3 62 0.9309943842192415
3 63 0.9048776817511296
3 64 0.9048776817511296
3 65 0.9048776817511296
3 66 0.5817101925740312
3 67 0.9473100610285131
3 68 0.9285814066804011
3 69 0.9498394147634037
3 70 0.9486343495283498
3 71 0.9202048867742529
3 72 0.9324065677989928
3 73 0.9490198349291863
3 74 0.9260023701631476
3 75 0.9375290244778047
3 76 0.8903060268653912
3 77 0.9239296563188203
3 78 0.9048776817511296
3 79 0.9127600120077086
3 80 0.9048776817511296
3 81 0.9048776817511296
3 82 0.9048776817511296
3 83 0.9048776817511296
3 84 0.9194400061723349
3 85 0.9048776817511296
3 86 0.9048776817511296
3 87 0.9048776817511296
3 88 0.9342689881417613
3 89 0.9265632307671792
3 90 0.9265632307671792
3 91 0.9265632307671792
3 92 0.9265632307671792
3 93 0.9265632307671792
3 94 0.9265632307671792
3 95 0.9265632307671792
3 96 0.9265632307671792
3 97 0.9265632307671792
3 98 0.9265632307671792
3 99 0.9265632307671792
3 100 0.9265632307671792
3 101 0.9048776817511296
3 102 0.9048776817511296
3 103 0.9048776817511296
3 104 0.9048776817511296
3 105 0.9048776817511296
3 106 0.9048776817511296
3 107 0.9048776817511296
3 108 0.9048776817511296
3 109 0.9048776817511296
3 110 0.9048776817511296
3 111 0.9048776817511296
3 112 0.9048776817511296
3 113 0.9048776817511296
3 114 0.9048776817511296
3 115 0.9166674606038202
3 116 0.9368288153110164
3 117 0.9311797392649472
3 118 0.9258978482576584
3 119 0.920597165380382
3 120 0.9432174373245985
4 0 0.997253227710996
4 1 0.9975698158721852
4 2 0.5541301672126152
4 3 0.9965315818572664
4 4 0.9999999999999999
4 5 0.9912626315399251
4 6 0.9979120874145959
4 7 0.998758408792058
4 8 0.9974945352286438
4 9 0.9928721601480732
4 10 0.992648614693187
4 11 0.9853502168201806
4 12 0.9853502168201806
4 13 0.9947335261204195
4 14 0.9953117568944753
4 15 0.9959077311294332
4 16 0.9972077468964771
4 17 0.9960739281048882
4 18 0.9976670641337773
4 19 0.9964501517474333
4 20 0.9959690132560233
4 21 0.9962483788350395
4 22 0.9972210828221603
4 23 0.9958568038080406
4 24 0.996142253954029
4 25 0.9968684633934453
4 26 0.9972201990467964
4 27 0.9964783158847824
4 28 0.9971697386955246
4 29 0.997253495109502
4 30 0.9970904406622387
4 31 0.9880350721663739
4 32 0.992634460419828
4 33 0.9963136332742417
4 34 0.9969471603255217
4 35 0.9971606157274067
4 36 0.9956383859022243
4 37 0.9932201633164922
4 38 0.99580036356676
4 39 0.9956698447614974
4 40 0.9947335261204195
4 41 0.9936316587358495
4 42 0.9959264224313176
4 43 0.9984169786072697
4 44 0.994642832141343
4 45 0.9965429877760634
4 46 0.9968165331324902
4 47 0.99412660421664
4 48 0.9958947315899608
4 49 0.9971370556996192
4 50 0.8991362822806114
4 51 0.9211033196294283
4 52 0.9614754581004888
4 53 0.9566618630099621
4 54 0.955500255799784
4 55 0.9464105536917903
4 56 0.954239111162229
4 57 0.9337683383825256
4 58 0.9446444666508051
4 59 0.9146621401173458
4 60 0.9614754581004888
4 61 0.9474127417701116
4 62 0.9404954315258857
4 63 0.9146621401173458
4 64 0.9146621401173458
4 65 0.9146621401173458
4 66 0.590765783027154
4 67 0.9562762114671761
4 68 0.9386734193900719
4 69 0.9589662715207887
4 70 0.9574570661235758
4 71 0.9301022602659578
4 72 0.9421789432375876
4 73 0.9582648291948466
4 74 0.9361554831502679
4 75 0.9475004813675411
4 76 0.9002384446407029
4 77 0.9341024119466845
4 78 0.9146621401173458
4 79 0.9235872404855218
4 80 0.9146621401173458
4 81 0.9146621401173458
4 82 0.9146621401173458
4 83 0.9146621401173458
4 84 0.9305440536716876
4 85 0.9146621401173458
4 86 0.9146621401173458
4 87 0.9146621401173458
4 88 0.9438683626588275
4 89 0.9355712424155828
4 90 0.9355712424155828
4 91 0.9355712424155828
4 92 0.9355712424155828
4 93 0.9355712424155828
4 94 0.9355712424155828
4 95 0.9355712424155828
4 96 0.9355712424155828
4 97 0.9355712424155828
4 98 0.9355712424155828
4 99 0.9355712424155828
4 100 0.9355712424155828
4 101 0.9146621401173458
4 102 0.9146621401173458
4 103 0.9146621401173458
4 104 0.9146621401173458
4 105 0.9146621401173458
4 106 0.9146621401173458
4 107 0.9146621401173458
4 108 0.9146621401173458
4 109 0.9146621401173458
4 110 0.9146621401173458
4 111 0.9146621401173458
4 112 0.9146621401173458
4 113 0.9146621401173458
4 114 0.9146621401173458
4 115 0.9266838727301437
4 116 0.94515642278725
4 117 0.9406667712979209
4 118 0.9361306284376414
4 119 0.9305870042523937
4 120 0.9524038664550931
5 0 0.9942877379470826
5 1 0.992801866269494
5 2 0.5934605805287078
5 3 0.9930416551286739
5 4 0.9912626315399251
5 5 1.0000000000000002
5 6 0.9922755460290732
5 7 0.9911027841086979
5 8 0.9932036109156859
5 9 0.9947696979755407
5 10 0.9950118352344092
5 11 0.9916191834821259
5 12 0.9916191834821259
5 13 0.9929461158272731
5 14 0.9935260951099117
5 15 0.9941259441615006
5 16 0.9932034738910367
5 17 0.9945134018924884
5 18 0.99397461201222
5 19 0.9937671164097891
5 20 0.994461868159345
5 21 0.9948123406491883
5 22 0.9922884390772652
5 23 0.9943129894958329
5 24 0.9943264659312477
5 25 0.9936832825945785
5 26 0.9866823513038118
5 27 0.9943091490629928
5 28 0.994113409016442
5 29 0.9931984808576142
5 30 0.993592685327236
5 31 0.9940164542075617
5 32 0.9949893159941617
5 33 0.994220932986231
5 34 0.9934007551351044
5 35 0.9932443179857445
5 36 0.9951356049076548
5 37 0.9936587922927591
5 38 0.9946512168368701
5 39 0.9928374399595196
5 40 0.9929461158272731
5 41 0.9931846054540319
5 42 0.9934528067742137
5 43 0.9921283621522087
5 44 0.9937939740058229
5 45 0.9930736572029698
5 46 0.9940404337690156
5 47 0.9944827131972767
5 48 0.9938521167807953
5 49 0.9937463275215694
5 50 0.8765226998064074
5 51 0.9017974533292364
5 52 0.9420456133624986
5 53 0.9367316856755858
5 54 0.9348103864917323
5 55 0.9258762227295072
5 56 0.9340630703984203
5 57 0.9119519621140223
5 58 0.9219203468478742
5 59 0.8944073949718251
5 60 0.9420456133624986
5 61 0.9259980058960664
5 62 0.9199360766078173
5 63 0.8944073949718251
5 64 0.8944073949718251
5 65 0.8944073949718251
5 66 0.5737066495281449
5 67 0.9368040902437408
5 68 0.9177719999428589
5 69 0.93911793584338
5 70 0.937733786650573
5 71 0.9092218068781709
5 72 0.9218150063322804
5 73 0.9385158562325477
5 74 0.9129438739818906
5 75 0.9260235637305021
5 76 0.8787216976427618
5 77 0.9121626480039101
5 78 0.8944073949718251
5 79 0.89962229903471
5 80 0.8944073949718251
5 81 0.8944073949718251
5 82 0.8944073949718251
5 83 0.8944073949718251
5 84 0.9070728190435126
5 85 0.8944073949718251
5 86 0.8944073949718251
5 87 0.8944073949718251
5 88 0.9218943389460121
5 89 0.9162653455777336
5 90 0.9162653455777336
5 91 0.9162653455777336
5 92 0.9162653455777336
5 93 0.9162653455777336
5 94 0.9162653455777336
5 95 0.9162653455777336
5 96 0.9162653455777336
5 97 0.9162653455777336
5 98 0.9162653455777336
5 99 0.9162653455777336
5 100 0.9162653455777336
5 101 0.8944073949718251
5 102 0.8944073949718251
5 103 0.8944073949718251
5 104 0.8944073949718251
5 105 0.8944073949718251
5 106 0.8944073949718251
5 107 0.8944073949718251
5 108 0.8944073949718251
5 109 0.8944073949718251
5 110 0.8944073949718251
5 111 0.8944073949718251
5 112 0.8944073949718251
5 113 0.8944073949718251
5 114 0.8944073949718251
5 115 0.9037008263504628
5 116 0.9242112305401168
5 117 0.9197447617298637
5 118 0.9131213075713926
5 119 0.9086268082517841
5 120 0.9325224750990082
6 0 0.9976152743307447
6 1 0.9975317682679874
6 2 0.5688681865539575
6 3 0.9965630875292298
6 4 0.9979120874145959
6 5 0.9922755460290732
6 6 1.0000000000000002
6 7 0.9978931774698889
6 8 0.9970038609722728
6 9 0.993880469181589
6 10 0.9936261127183031
6 11 0.9870746439687516
6 12 0.9870746439687516
6 13 0.9948558233325024
6 14 0.9957416948474679
6 15 0.9960329919630958
6 16 0.9966802245270975
6 17 0.996237763935609
6 18 0.9972562916527536
6 19 0.996415746633975
6 20 0.9963149836039381
6 21 0.9959345785044363
6 22 0.9962502081170398
6 23 0.99620433964646
6 24 0.9960585836214799
6 25 0.9965701217484708
6 26 0.9956042997140223
6 27 0.9958379403712082
6 28 0.9972067853238188
6 29 0.9968502828068476
6 30 0.9969548090999426
6 31 0.9898832149054835
6 32 0.9937764252939897
6 33 0.9968120100751907
6 34 0.9966915598604286
6 35 0.9970746923971237
6 36 0.9957497674088361
6 37 0.9937999248194878
6 38 0.9956181932625392
6 39 0.9959619452971895
6 40 0.9948558233325024
6 41 0.9942457625565936
6 42 0.9956500480598401
6 43 0.9977988075138761
6 44 0.9953962114678102
6 45 0.9968019342348403
6 46 0.996820005445004
6 47 0.9950878944482574
6 48 0.9960384976452924
6 49 0.9967315145134802
6 50 0.8942386252416133
6 51 0.9165678059393326
6 52 0.956909701340808
6 53 0.9524322687460871
6 54 0.9506174852115314
6 55 0.9414618492005938
6 56 0.9493381393629549
6 57 0.9289300107390746
6 58 0.9405550041094772
6 59 0.9080230432962664
6 60 0.956909701340808
6 61 0.9423720804938192
6 62 0.9359516416741315
6 63 0.9080230432962664
6 64 0.9080230432962664
6 65 0.9080230432962664
6 66 0.5840549691116214
6 67 0.9515947065514258
6 68 0.9345017117547181
6 69 0.9542550752855122
6 70 0.9527720750264506
6 71 0.9252749824709946
6 72 0.9377404072103804
6 73 0.9535117407206231
6 74 0.9313143754338299
6 75 0.9424443796282019
6 76 0.8954193905739848
6 77 0.92923709329854
6 78 0.9080230432962664
6 79 0.9186821132455405
6 80 0.9080230432962664
6 81 0.9080230432962664
6 82 0.9080230432962664
6 83 0.9080230432962664
6 84 0.925907384691192
6 85 0.9080230432962664
6 86 0.9080230432962664
6 87 0.9080230432962664
6 88 0.9391774336870125
6 89 0.9312438511427286
6 90 0.9312438511427286
6 91 0.9312438511427286
6 92 0.9312438511427286
6 93 0.9312438511427286
6 94 0.9312438511427286
6 95 0.9312438511427286
6 96 0.9312438511427286
6 97 0.9312438511427286
6 98 0.9312438511427286
6 99 0.9312438511427286
6 100 0.9312438511427286
6 101 0.9080230432962664
6 102 0.9080230432962664
6 103 0.9080230432962664
6 104 0.9080230432962664
6 105 0.9080230432962664
6 106 0.9080230432962664
6 107 0.9080230432962664
6 108 0.9080230432962664
6 109 0.9080230432962664
6 110 0.9080230432962664
6 111 0.9080230432962664
6 112 0.9080230432962664
6 113 0.9080230432962664
6 114 0.9080230432962664
6 115 0.9215806936385673
6 116 0.9402243727574263
6 117 0.9357428444171021
6 118 0.9319055943304835
6 119 0.9267911881546838
6 120 0.9475422180696051
7 0 0.9973327275046755
7 1 0.9979267577255682
7 2 0.5618118819579779
7 3 0.9972564263400313
7 4 0.998758408792058
7 5 0.9911027841086979
7 6 0.9978931774698889
7 7 1.0
7 8 0.9973919415995365
7 9 0.9929773614886638
7 10 0.992780005104297
7 11 0.9861729710607777
7 12 0.9861729710607777
7 13 0.9947779919576775
7 14 0.9954297506175165
7 15 0.9960571478088729
7 16 0.9972326587344911
7 17 0.9964009204287438
7 18 0.9977030558539899
7 19 0.9961828044588638
7 20 0.9960050390836493
7 21 0.9958054439562903
7 22 0.9967221792602763
7 23 0.996001403535739
7 24 0.9965248659998717
7 25 0.9965911715769743
7 26 0.9969651943926401
7 27 0.9962842828488486
7 28 0.9969227897462034
7 29 0.9978588496535908
7 30 0.9970603083443039
7 31 0.9886878234110572
7 32 0.9928286409412452
7 33 0.9963182683708894
7 34 0.9970599895802198
7 35 0.9977416762577075
7 36 0.9958994805157151
7 37 0.9937969107866742
7 38 0.9958404641868475
7 39 0.9961701593531107
7 40 0.9947779919576775
7 41 0.9938682842263129
7 42 0.995565135005231
7 43 0.998106711894201
7 44 0.9945132652126236
7 45 0.9968797666736924
7 46 0.9969388700583801
7 47 0.9939376564140365
7 48 0.9957356378763467
7 49 0.9966949057005148
7 50 0.8978421666211355
7 51 0.9199292954787744
7 52 0.9602452662635584
7 53 0.9554762732796712
7 54 0.9543492708683148
7 55 0.945689104103815
7 56 0.9531300301422961
7 57 0.9326070613904316
7 58 0.9433004015108465
7 59 0.9136116440046643
7 60 0.9602452662635584
7 61 0.9460945315178709
7 62 0.9392698766056655
7 63 0.9136116440046643
7 64 0.9136116440046643
7 65 0.9136116440046643
7 66 0.5903417793265637
7 67 0.9551323465418576
7 68 0.9374904879717495
7 69 0.9578666152693722
7 70 0.9564097638440773
7 71 0.9288970937766857
7 72 0.9410540320882625
7 73 0.957032839747082
7 74 0.9348584337862434
7 75 0.9462006492836493
7 76 0.8990009578690286
7 77 0.9329378603821857
7 78 0.9136116440046643
7 79 0.9223398323693607
7 80 0.9136116440046643
7 81 0.9136116440046643
7 82 0.9136116440046643
7 83 0.9136116440046643
7 84 0.9293859438107287
7 85 0.9136116440046643
7 86 0.9136116440046643
7 87 0.9136116440046643
7 88 0.9425745985090254
7 89 0.9343982127319616
7 90 0.9343982127319616
7 91 0.9343982127319616
7 92 0.9343982127319616
7 93 0.9343982127319616
7 94 0.9343982127319616
7 95 0.9343982127319616
7 96 0.9343982127319616
7 97 0.9343982127319616
7 98 0.9343982127319616
7 99 0.9343982127319616
7 100 0.9343982127319616
7 101 0.9136116440046643
7 102 0.9136116440046643
7 103 0.9136116440046643
7 104 0.9136116440046643
7 105 0.9136116440046643
7 106 0.9136116440046643
7 107 0.9136116440046643
7 108 0.9136116440046643
7 109 0.9136116440046643
7 110 0.9136116440046643
7 111 0.9136116440046643
7 112 0.9136116440046643
7 113 0.9136116440046643
7 114 0.9136116440046643
7 115 0.9252926123472899
7 116 0.9439160713842231
7 117 0.9394918282702147
7 118 0.9348071028358916
7 119 0.9292814785196571
7 120 0.9511793467336358
8 0 0.9980091346238906
8 1 0.9966032743310955
8 2 0.5665930776699816
8 3 0.9954372480750663
8 4 0.9974945352286438
8 5 0.9932036109156859
8 6 0.9970038609722728
8 7 0.9973919415995365
8 8 1.0000000000000002
8 9 0.9947791514792943
8 10 0.9945637766872454
8 11 0.9882699378247277
8 12 0.9882699378247277
8 13 0.9953677168954883
8 14 0.99639324103058
8 15 0.9965857743787818
8 16 0.9973757791488019
8 17 0.9969461696022661
8 18 0.9980587704818462
8 19 0.9972174856897353
8 20 0.996964265958073
8 21 0.9972577573258616
8 22 0.9976922596962873
8 23 0.9968744271082913
8 24 0.9966772109098603
8 25 0.9975924165333704
8 26 0.9965322567864707
8 27 0.9967846849046738
8 28 0.9978706561634499
8 29 0.9974855898449929
8 30 0.9976917435264838
8 31 0.9906899911196626
8 32 0.9948886481819031
8 33 0.9971293538550057
8 34 0.9973697517291481
8 35 0.9977252996792354
8 36 0.9963795457978492
8 37 0.9939451171691145
8 38 0.9964964420356531
8 39 0.994925919053305
8 40 0.9953677168954883
8 41 0.9937588201763962
8 42 0.9948071026248907
8 43 0.9972766185329879
8 44 0.994616827727802
8 45 0.9956970758132339
8 46 0.9961808746536621
8 47 0.9941716106867228
8 48 0.9955128422592827
8 49 0.9977242079750968
8 50 0.8914705446555172
8 51 0.9200287712996502
8 52 0.9591162629592459
8 53 0.9549940951188419
8 54 0.9533313036515287
8 55 0.944535762544322
8 56 0.9515444356592956
8 57 0.931020870863749
8 58 0.9414090418586004
8 59 0.9123176372402166
8 60 0.9591162629592459
8 61 0.9445696098675923
8 62 0.9379979343190556
8 63 0.9123176372402166
8 64 0.9123176372402166
8 65 0.9123176372402166
8 66 0.5889147714499918
8 67 0.9539799871273046
8 68 0.9360624629576381
8 69 0.9566761881911721
8 70 0.9551199677359014
8 71 0.9273613999279046
8 72 0.9396493992056053
8 73 0.9559387142720508
8 74 0.9328484209498961
8 75 0.9446671742692874
8 76 0.8977129258700007
8 77 0.9313231544065862
8 78 0.9123176372402166
8 79 0.9203550885881029
8 80 0.9123176372402166
8 81 0.9123176372402166
8 82 0.9123176372402166
8 83 0.9123176372402166
8 84 0.9275325240517821
8 85 0.9123176372402166
8 86 0.9123176372402166
8 87 0.9123176372402166
8 88 0.9407599946753683
8 89 0.9332584770954193
8 90 0.9332584770954193
8 91 0.9332584770954193
8 92 0.9332584770954193
8 93 0.9332584770954193
8 94 0.9332584770954193
8 95 0.9332584770954193
8 96 0.9332584770954193
8 97 0.9332584770954193
8 98 0.9332584770954193
8 99 0.9332584770954193
8 100 0.9332584770954193
8 101 0.9123176372402166
8 102 0.9123176372402166
8 103 0.9123176372402166
8 104 0.9123176372402166
8 105 0.9123176372402166
8 106 0.9123176372402166
8 107 0.9123176372402166
8 108 0.9123176372402166
8 109 0.9123176372402166
8 110 0.9123176372402166
8 111 0.9123176372402166
8 112 0.9123176372402166
8 113 0.9123176372402166
8 114 0.9123176372402166
8 115 0.9233680741599016
8 116 0.9423829492268697
8 117 0.9379140120857667
8 118 0.9331782365059621
8 119 0.9274842092123334
8 120 0.9498492324432458
9 0 0.9955832497977921
9 1 0.9940217194619192
9 2 0.5895478337174875
9 3 0.9939113657499123
9 4 0.9928721601480732
9 5 0.9947696979755407
9 6 0.993880469181589
9 7 0.9929773614886638
9 8 0.9947791514792943
9 9 1.0000000000000002
9 10 0.9958047699794271
9 11 0.9895859844584459
9 12 0.9895859844584459
9 13 0.9935736748399898
9 14 0.9961426870056664
9 15 0.9951793052741473
9 16 0.9943069432262098
9 17 0.9951513661821846
9 18 0.9952409732283879
9 19 0.9961834422609682
9 20 0.9955688819803861
9 21 0.9941305837645734
9 22 0.9924963964565646
9 23 0.9951314145389542
9 24 0.994702518678104
9 25 0.9949454201935618
9 26 0.9891710689247886
9 27 0.9950070317129901
9 28 0.99503582709629
9 29 0.9946099297156997
9 30 0.9946438343529833
9 31 0.9937152212169312
9 32 0.9942148019446564
9 33 0.9950629863746309
9 34 0.9947988806512095
9 35 0.9949944955575752
9 36 0.9959807603690793
9 37 0.9947530083566484
9 38 0.9948956588795854
9 39 0.9939004491812765
9 40 0.9935736748399898
9 41 0.994122068945003
9 42 0.9940775596577149
9 43 0.9936891673343166
9 44 0.9938513786092584
9 45 0.99425340672259
9 46 0.9948766704482567
9 47 0.9953422877706428
9 48 0.9955550312454295
9 49 0.9958364560994972
9 50 0.8782682429163639
9 51 0.906382854257584
9 52 0.9454361976062302
9 53 0.9407423368813905
9 54 0.938754593832593
9 55 0.9294882162410392
9 56 0.9376300614327834
9 57 0.9156143556197838
9 58 0.9253177980672515
9 59 0.897832327078066
9 60 0.9454361976062302
9 61 0.9294888152075059
9 62 0.9232320861824042
9 63 0.897832327078066
9 64 0.897832327078066
9 65 0.897832327078066
9 66 0.5765930108254239
9 67 0.9402109568768933
9 68 0.9205633047559525
9 69 0.9424280912693657
9 70 0.9413257069282259
9 71 0.9119019664448554
9 72 0.9247464945520001
9 73 0.941888642451022
9 74 0.9164774270456932
9 75 0.9295050499651877
9 76 0.882525148005191
9 77 0.9158484123721553
9 78 0.897832327078066
9 79 0.903286900389151
9 80 0.897832327078066
9 81 0.897832327078066
9 82 0.897832327078066
9 83 0.897832327078066
9 84 0.910676960967054
9 85 0.897832327078066
9 86 0.897832327078066
9 87 0.897832327078066
9 88 0.9254775904183323
9 89 0.9195289790574376
9 90 0.9195289790574376
9 91 0.9195289790574376
9 92 0.9195289790574376
9 93 0.9195289790574376
9 94 0.9195289790574376
9 95 0.9195289790574376
9 96 0.9195289790574376
9 97 0.9195289790574376
9 98 0.9195289790574376
9 99 0.9195289790574376
9 100 0.9195289790574376
9 101 0.897832327078066
9 102 0.897832327078066
9 103 0.897832327078066
9 104 0.897832327078066
9 105 0.897832327078066
9 106 0.897832327078066
9 107 0.897832327078066
9 108 0.897832327078066
9 109 0.897832327078066
9 110 0.897832327078066
9 111 0.897832327078066
9 112 0.897832327078066
9 113 0.897832327078066
9 114 0.897832327078066
9 115 0.9071101784408168
9 116 0.9275817701402199
9 117 0.92320733294688
9 118 0.9168777470372093
9 119 0.9116727818650979
9 120 0.9359389666169116
10 0 0.9955828011410277
10 1 0.9935891450628886
10 2 0.5808344208165783
10 3 0.9933550800747876
10 4 0.992648614693187
10 5 0.9950118352344092
10 6 0.9936261127183031
10 7 0.992780005104297
10 8 0.9945637766872454
10 9 0.9958047699794271
10 10 1.0
10 11 0.9917103706117985
10 12 0.9917103706117985
10 13 0.9942886169868564
10 14 0.9957613250506049
10 15 0.9950486165532497
10 16 0.9946532916212785
10 17 0.9956531515258296
10 18 0.9958077984077528
10 19 0.9963947012282943
10 20 0.9959713289855957
10 21 0.996268548737229
10 22 0.9945293810698982
10 23 0.9952851723859076
10 24 0.9950380242484599
10 25 0.9947490411406732
10 26 0.9899121288724759
10 27 0.9949002175262401
10 28 0.9950555290149635
10 29 0.9946087428946493
10 30 0.995130798168326
10 31 0.9930819550346394
10 32 0.9958437530606676
10 33 0.9960759703536001
10 34 0.9950107345786083
10 35 0.9950511679106686
10 36 0.9954388434879926
10 37 0.9940231257268202
10 38 0.9950955823987488
10 39 0.9933421507283146
10 40 0.9942886169868564
10 41 0.993159349883415
10 42 0.9933836064573588
10 43 0.9931677768885263
10 44 0.9935701568468112
10 45 0.9940879497573748
10 46 0.9941416130689498
10 47 0.9940194552812649
10 48 0.9946008158803034
10 49 0.9960248389464804
10 50 0.885486571605065
10 51 0.9085476546956616
10 52 0.9489420267879459
10 53 0.9436741506996015
10 54 0.9426750057125588
10 55 0.9339040092689364
10 56 0.9415322130052323
10 57 0.9195535005048175
10 58 0.930019023108217
10 59 0.9010926986776205
10 60 0.9489420267879459
10 61 0.9343582058854033
10 62 0.9283828221392987
10 63 0.9010926986776205
10 64 0.9010926986776205
10 65 0.9010926986776205
10 66 0.5784209847478149
10 67 0.9437072997412946
10 68 0.9250260958863029
10 69 0.946038163348697
10 70 0.9451774878857494
10 71 0.916653102380236
10 72 0.928877012659152
10 73 0.9451691496366057
10 74 0.9214526802908758
10 75 0.9342680587830109
10 76 0.8860070144017403
10 77 0.919793810750555
10 78 0.9010926986776205
10 79 0.9082413229692149
10 80 0.9010926986776205
10 81 0.9010926986776205
10 82 0.9010926986776205
10 83 0.9010926986776205
10 84 0.9149740856371508
10 85 0.9010926986776205
10 86 0.9010926986776205
10 87 0.9010926986776205
10 88 0.9300513534169224
10 89 0.9229694222084124
10 90 0.9229694222084124
10 91 0.9229694222084124
10 92 0.9229694222084124
10 93 0.9229694222084124
10 94 0.9229694222084124
10 95 0.9229694222084124
10 96 0.9229694222084124
10 97 0.9229694222084124
10 98 0.9229694222084124
10 99 0.9229694222084124
10 100 0.9229694222084124
10 101 0.9010926986776205
10 102 0.9010926986776205
10 103 0.9010926986776205
10 104 0.9010926986776205
10 105 0.9010926986776205
10 106 0.9010926986776205
10 107 0.9010926986776205
10 108 0.9010926986776205
10 109 0.9010926986776205
10 110 0.9010926986776205
10 111 0.9010926986776205
10 112 0.9010926986776205
10 113 0.9010926986776205
10 114 0.9010926986776205
10 115 0.9128916643424
10 116 0.9316956702264263
10 117 0.9273692903324959
10 118 0.9214594419824794
10 119 0.9167842087064724
10 120 0.9403072164941922
11 0 0.9894265894181121
11 1 0.9876718457454672
11 2 0.5816562032919983
11 3 0.9886817443854037
11 4 0.9853502168201806
11 5 0.9916191834821259
11 6 0.9870746439687516
11 7 0.9861729710607777
11 8 0.9882699378247277
11 9 0.9895859844584459
11 10 0.9917103706117985
11 11 0.9999999999999999
11 12 0.9999999999999999
11 13 0.9870585626011048
11 14 0.9889554284751614
11 15 0.9895097668904541
11 16 0.9881493185385165
11 17 0.990872698547558
11 18 0.9895606594958628
11 19 0.9889261259583897
11 20 0.9898098729456086
11 21 0.9907858826722215
11 22 0.9879141739509181
11 23 0.9890782869214336
11 24 0.9907449117688965
11 25 0.9882424694370849
11 26 0.9809795793485397
11 27 0.9895256801574795
11 28 0.9892037427876839
11 29 0.9887746131966006
11 30 0.9887040967319035
11 31 0.9895934534073039
11 32 0.9937983829573724
11 33 0.9895505728160114
11 34 0.988856794515198
11 35 0.9882565376019573
11 36 0.9906460489219971
11 37 0.9894836644534035
11 38 0.9901136460540357
11 39 0.9882230602525668
11 40 0.9870585626011048
11 41 0.9879869947007777
11 42 0.9882521854509816
11 43 0.9868302500464783
11 44 0.9897406403371964
11 45 0.9884982568715487
11 46 0.9883991371133769
11 47 0.9896827241302922
11 48 0.9883545176977835
11 49 0.988388666691911
11 50 0.8774270698433541
11 51 0.9007739150914373
11 52 0.941833658508079
11 53 0.936146662473064
11 54 0.9346484595285632
11 55 0.9258061423467121
11 56 0.9343116141243023
11 57 0.9114582400483566
11 58 0.9222914805650675
11 59 0.8931684006582395
11 60 0.941833658508079
11 61 0.925771932221757
11 62 0.9202545670206917
11 63 0.8931684006582395
11 64 0.8931684006582395
11 65 0.8931684006582395
11 66 0.5710207844397592
11 67 0.9366071163635435
11 68 0.9178883604933864
11 69 0.9397067801465204
11 70 0.9386209647539816
11 71 0.9096285398174444
11 72 0.9213497020974678
11 73 0.9382753056821513
11 74 0.9143606313079009
11 75 0.9258186991708994
11 76 0.8777191730154347
11 77 0.9116206690720207
11 78 0.8931684006582395
11 79 0.900104047908774
11 80 0.8931684006582395
11 81 0.8931684006582395
11 82 0.8931684006582395
11 83 0.8931684006582395
11 84 0.9065484785895284
11 85 0.8931684006582395
11 86 0.8931684006582395
11 87 0.8931684006582395
11 88 0.9226164312021053
11 89 0.9157128009545177
11 90 0.9157128009545177
11 91 0.9157128009545177
11 92 0.9157128009545177
11 93 0.9157128009545177
11 94 0.9157128009545177
11 95 0.9157128009545177
11 96 0.9157128009545177
11 97 0.9157128009545177
11 98 0.9157128009545177
11 99 0.9157128009545177
11 100 0.9157128009545177
11 101 0.8931684006582395
11 102 0.8931684006582395
11 103 0.8931684006582395
11 104 0.8931684006582395
11 105 0.8931684006582395
11 106 0.8931684006582395
11 107 0.8931684006582395
11 108 0.8931684006582395
11 109 0.8931684006582395
11 110 0.8931684006582395
11 111 0.8931684006582395
11 112 0.8931684006582395
11 113 0.8931684006582395
11 114 0.8931684006582395
11 115 0.9058612831336769
11 116 0.925682822389931
11 117 0.9206939213775588
11 118 0.913462722234843
11 119 0.9088274906389398
11 120 0.9327444935017399
12 0 0.9894265894181121
12 1 0.9876718457454672
12 2 0.5816562032919983
12 3 0.9886817443854037
12 4 0.9853502168201806
12 5 0.9916191834821259
12 6 0.9870746439687516
12 7 0.9861729710607777
12 8 0.9882699378247277
12 9 0.9895859844584459
12 10 0.9917103706117985
12 11 0.9999999999999999
12 12 0.9999999999999999
12 13 0.9870585626011048
12 14 0.9889554284751614
12 15 0.9895097668904541
12 16 0.9881493185385165
12 17 0.990872698547558
12 18 0.9895606594958628
12 19 0.9889261259583897
12 20 0.9898098729456086
12 21 0.9907858826722215
12 22 0.9879141739509181
12 23 0.9890782869214336
12 24 0.9907449117688965
12 25 0.9882424694370849
12 26 0.9809795793485397
12 27 0.9895256801574795
12 28 0.9892037427876839
12 29 0.9887746131966006
12 30 0.9887040967319035
12 31 0.9895934534073039
12 32 0.9937983829573724
12 33 0.9895505728160114
12 34 0.988856794515198
12 35 0.9882565376019573
12 36 0.9906460489219971
12 37 0.9894836644534035
12 38 0.9901136460540357
12 39 0.9882230602525668
12 40 0.9870585626011048
12 41 0.9879869947007777
12 42 0.9882521854509816
12 43 0.9868302500464783
12 44 0.9897406403371964
12 45 0.9884982568715487
12 46 0.9883991371133769
12 47 0.9896827241302922
12 48 0.9883545176977835
12 49 0.988388666691911
12 50 0.8774270698433541
12 51 0.9007739150914373
12 52 0.941833658508079
12 53 0.936146662473064
12 54 0.9346484595285632
12 55 0.9258061423467121
12 56 0.9343116141243023
12 57 0.9114582400483566
12 58 0.9222914805650675
12 59 0.8931684006582395
12 60 0.941833658508079
12 61 0.925771932221757
12 62 0.9202545670206917
12 63 0.8931684006582395
12 64 0.8931684006582395
12 65 0.8931684006582395
12 66 0.5710207844397592
12 67 0.9366071163635435
12 68 0.9178883604933864
12 69 0.9397067801465204
12 70 0.9386209647539816
12 71 0.9096285398174444
12 72 0.9213497020974678
12 73 0.9382753056821513
12 74 0.9143606313079009
12 75 0.9258186991708994
12 76 0.8777191730154347
12 77 0.9116206690720207
12 78 0.8931684006582395
12 79 0.900104047908774
12 80 0.8931684006582395
12 81 0.8931684006582395
12 82 0.8931684006582395
12 83 0.8931684006582395
12 84 0.9065484785895284
12 85 0.8931684006582395
12 86 0.8931684006582395
12 87 0.8931684006582395
12 88 0.9226164312021053
12 89 0.9157128009545177
12 90 0.9157128009545177
12 91 0.9157128009545177
12 92 0.9157128009545177
12 93 0.9157128009545177
12 94 0.9157128009545177
12 95 0.9157128009545177
12 96 0.9157128009545177
12 97 0.9157128009545177
12 98 0.9157128009545177
12 99 0.9157128009545177
12 100 0.9157128009545177
12 101 0.8931684006582395
12 102 0.8931684006582395
12 103 0.8931684006582395
12 104 0.8931684006582395
12 105 0.8931684006582395
12 106 0.8931684006582395
12 107 0.8931684006582395
12 108 0.8931684006582395
12 109 0.8931684006582395
12 110 0.8931684006582395
12 111 0.8931684006582395
12 112 0.8931684006582395
12 113 0.8931684006582395
12 114 0.8931684006582395
12 115 0.9058612831336769
12 116 0.925682822389931
12 117 0.9206939213775588
12 118 0.913462722234843
12 119 0.9088274906389398
12 120 0.9327444935017399
13 0 0.9960586976090301
13 1 0.9951364772598922
13 2 0.5783492078083671
13 3 0.9940702681247495
13 4 0.9947335261204195
13 5 0.9929461158272731
13 6 0.9948558233325024
13 7 0.9947779919576775
13 8 0.9953677168954883
13 9 0.9935736748399898
13 10 0.9942886169868564
13 11 0.9870585626011048
13 12 0.9870585626011048
13 13 0.9999999999999999
13 14 0.9959255780375718
13 15 0.994744591397387
13 16 0.9956849076898805
13 17 0.9958769620697323
13 18 0.9958648586103347
13 19 0.9957630480901368
13 20 0.9955121511264772
13 21 0.9949639228602767
13 22 0.9945959750434356
13 23 0.9954284903172256
13 24 0.9951569234480978
13 25 0.9951371478233703
13 26 0.9935508357354389
13 27 0.9949382651067309
13 28 0.995471766587109
13 29 0.9953282403794135
13 30 0.9959958959993945
13 31 0.9898752823155373
13 32 0.9927905388922567
13 33 0.9955673971387576
13 34 0.9952543590457493
13 35 0.9955658952996302
13 36 0.9947828802451075
13 37 0.9957138143560611
13 38 0.9951341166894514
13 39 0.9964958591148382
13 40 0.9999999999999999
13 41 0.9947020382068222
13 42 0.9932439206853569
13 43 0.9946936214969363
13 44 0.9928464641972643
13 45 0.9943733962246764
13 46 0.9941023570631898
13 47 0.9931894773326977
13 48 0.9959242481574276
13 49 0.9962620535521757
13 50 0.8897922372674818
13 51 0.9114806991414263
13 52 0.952531238657579
13 53 0.9477304061927422
13 54 0.946000050928565
13 55 0.9375860290625034
13 56 0.9451366633210305
13 57 0.9241548041677732
13 58 0.9342223576200736
13 59 0.9059303881492686
13 60 0.952531238657579
13 61 0.9380072064217697
13 62 0.9312996685384417
13 63 0.9059303881492686
13 64 0.9059303881492686
13 65 0.9059303881492686
13 66 0.5846803867411074
13 67 0.9474696411801151
13 68 0.9297514346478105
13 69 0.9499778568957647
13 70 0.9487131728695553
13 71 0.921528563376544
13 72 0.9335869328620908
13 73 0.9491590624553538
13 74 0.9258423576515125
13 75 0.9381270291970707
13 76 0.8909109297359478
