0 0 0.9999999999999999
0 1 0.9973496460508872
0 2 0.5652535967101341
0 3 0.9961701972890767
0 4 0.9972536149414076
0 5 0.9942878734874737
0 6 0.9976157673652044
0 7 0.9973331283779687
0 8 0.9980096946222266
0 9 0.9955836098365953
0 10 0.9955832424773366
0 11 0.989425791472669
0 12 0.989425791472669
0 13 0.996059084109067
0 14 0.9970362241888667
0 15 0.9974617243449309
0 16 0.9977340745871189
0 17 0.9978652120375644
0 18 0.9983612962057887
0 19 0.9977490731586436
0 20 0.9977228219441029
0 21 0.9973602872104153
0 22 0.9972840071367978
0 23 0.9975249533281662
0 24 0.9976998860538306
0 25 0.9977052725509924
0 26 0.9959067949830364
0 27 0.9971396676069475
0 28 0.9980782710103364
0 29 0.9980077310049953
0 30 0.9980846384141817
0 31 0.9921111240409001
0 32 0.9958239533957651
0 33 0.9978188004204055
0 34 0.9978334617124149
0 35 0.998109224700958
0 36 0.9973026866169423
0 37 0.9951862422035598
0 38 0.9970519647757727
0 39 0.995643335333138
0 40 0.996059084109067
0 41 0.994445816918043
0 42 0.9953973457266763
0 43 0.9971744848714345
0 44 0.9953463014626065
0 45 0.996353876027996
0 46 0.9965510890488721
0 47 0.9952991022684887
0 48 0.9959723732295799
0 49 0.9978620828950493
0 50 0.8916670270080979
0 51 0.9165420034559407
0 52 0.9567755069233341
0 53 0.9517669828418307
0 54 0.9499197540363016
0 55 0.9408714535702403
0 56 0.9487528040794813
0 57 0.9271351109371744
0 58 0.9376189070520484
0 59 0.9094932696107468
0 60 0.9567755069233341
0 61 0.9412455392629971
0 62 0.9349253724752002
0 63 0.9094932696107468
0 64 0.9094932696107468
0 65 0.9094932696107468
0 66 0.5857552795257867
0 67 0.9512345056962656
0 68 0.9325427039518359
0 69 0.9540906077101154
0 70 0.9526680588062406
0 71 0.9237451644630874
0 72 0.9365709491579565
0 73 0.9533720122245424
0 74 0.9282776853656236
0 75 0.9413266865477814
0 76 0.8938559951463827
0 77 0.927413094925974
0 78 0.9094932696107468
0 79 0.9148575115506002
0 80 0.9094932696107468
0 81 0.9094932696107468
0 82 0.9094932696107468
0 83 0.9094932696107468
0 84 0.9230080208491404
0 85 0.9094932696107468
0 86 0.9094932696107468
0 87 0.9094932696107468
0 88 0.9369432247001913
0 89 0.9307959103919542
0 90 0.9307959103919542
0 91 0.9307959103919542
0 92 0.9307959103919542
0 93 0.9307959103919542
0 94 0.9307959103919542
0 95 0.9307959103919542
0 96 0.9307959103919542
0 97 0.9307959103919542
0 98 0.9307959103919542
0 99 0.9307959103919542
0 100 0.9307959103919542
0 101 0.9094932696107468
0 102 0.9094932696107468
0 103 0.9094932696107468
0 104 0.9094932696107468
0 105 0.9094932696107468
0 106 0.9094932696107468
0 107 0.9094932696107468
0 108 0.9094932696107468
0 109 0.9094932696107468
0 110 0.9094932696107468
0 111 0.9094932696107468
0 112 0.9094932696107468
0 113 0.9094932696107468
0 114 0.9094932696107468
0 115 0.9182225113443364
0 116 0.9392850798482145
0 117 0.9346826316192117
0 118 0.9284399928605755
0 119 0.9232663303694827
0 120 0.9468946635878246
1 0 0.9973496460508872
1 1 0.9999999999999999
1 2 0.5627867494168987
1 3 0.9969822459631151
1 4 0.9975693172939669
1 5 0.9928002364367099
1 6 0.9975313155758675
1 7 0.9979263228636281
1 8 0.9966026511073943
1 9 0.9940204339767145
1 10 0.9935878280800352
1 11 0.9876690762523621
1 12 0.9876690762523621
1 13 0.9951356107811802
1 14 0.9957125078415183
1 15 0.9962195370425951
1 16 0.9966763575074378
1 17 0.9964149899928146
1 18 0.99692990305708
1 19 0.996183546495908
1 20 0.996130910614005
1 21 0.9955227776492988
1 22 0.9955393380967411
1 23 0.9966386738806848
1 24 0.9962765161398854
1 25 0.9962706932672718
1 26 0.99473831426452
1 27 0.9960108704313076
1 28 0.9966637273714295
1 29 0.996910896442261
1 30 0.9966076476881274
1 31 0.9909798948353873
1 32 0.9934703500155994
1 33 0.9963036106082752
1 34 0.9966902178116537
1 35 0.9966993671008837
1 36 0.9960580762501002
1 37 0.9946943961221677
1 38 0.9958738420820706
1 39 0.9967772074392305
1 40 0.9951356107811802
1 41 0.9952127293746006
1 42 0.9963798087101122
1 43 0.9975717627733639
1 44 0.9956066737045137
1 45 0.9976773491394564
1 46 0.9974523539977536
1 47 0.9950706242252839
1 48 0.9969876058874018
1 49 0.9963973684708136
1 50 0.8945734080965186
1 51 0.9169676431447487
1 52 0.9573514702170406
1 53 0.9524313006010817
1 54 0.9513107640336337
1 55 0.9420596052022054
1 56 0.9500741017113765
1 57 0.9293928010560479
1 58 0.9399493923527266
1 59 0.9100537770138879
1 60 0.9573514702170406
1 61 0.9429765373122891
1 62 0.9361803592844714
1 63 0.9100537770138879
1 64 0.9100537770138879
1 65 0.9100537770138879
1 66 0.586249500125452
1 67 0.9522151541616652
1 68 0.9340608878915178
1 69 0.9546703220488215
1 70 0.9532705644116848
1 71 0.9256681952676613
1 72 0.9376098956335782
1 73 0.9540066133612592
1 74 0.9313565376801365
1 75 0.9430041317689326
1 76 0.8978594066421884
1 77 0.9296731953297355
1 78 0.9100537770138879
1 79 0.9185378122085225
1 80 0.9100537770138879
1 81 0.9100537770138879
1 82 0.9100537770138879
1 83 0.9100537770138879
1 84 0.9253599871647742
1 85 0.9100537770138879
1 86 0.9100537770138879
1 87 0.9100537770138879
1 88 0.9394896989765701
1 89 0.9314260272701695
1 90 0.9314260272701695
1 91 0.9314260272701695
1 92 0.9314260272701695
1 93 0.9314260272701695
1 94 0.9314260272701695
1 95 0.9314260272701695
1 96 0.9314260272701695
1 97 0.9314260272701695
1 98 0.9314260272701695
1 99 0.9314260272701695
1 100 0.9314260272701695
1 101 0.9100537770138879
1 102 0.9100537770138879
1 103 0.9100537770138879
1 104 0.9100537770138879
1 105 0.9100537770138879
1 106 0.9100537770138879
1 107 0.9100537770138879
1 108 0.9100537770138879
1 109 0.9100537770138879
1 110 0.9100537770138879
1 111 0.9100537770138879
1 112 0.9100537770138879
1 113 0.9100537770138879
1 114 0.9100537770138879
1 115 0.9223356367182113
1 116 0.9407587423880646
1 117 0.9363101598878703
1 118 0.9315326080176101
1 119 0.9259797952264827
1 120 0.9485794107146527
2 0 0.5652535967101341
2 1 0.5627867494168987
2 2 1.0000000000000002
2 3 0.5676609169897734
2 4 0.5540751802281934
2 5 0.5934240395271198
2 6 0.5688165243005718
2 7 0.5617584805178294
2 8 0.5665414705230324
2 9 0.5895058233746608
2 10 0.5807930991774374
2 11 0.5816186996410737
2 12 0.5816186996410737
2 13 0.5782984768661154
2 14 0.5722553220742563
2 15 0.5792102321269343
2 16 0.560257724881707
2 17 0.5773486366753097
2 18 0.5610669984074605
2 19 0.5746262988490899
2 20 0.5797063391575838
2 21 0.570172051941493
2 22 0.5525243996123026
2 23 0.5657992576222227
2 24 0.5776966291238379
2 25 0.5654861188777407
2 26 0.541657143422138
2 27 0.5664122249201405
2 28 0.5648558978204948
2 29 0.571068231695431
2 30 0.5642888803165964
2 31 0.5985599535564049
2 32 0.5767077702978912
2 33 0.5766901949179163
2 34 0.5641427817223899
2 35 0.5628403045348088
2 36 0.5703817091974807
2 37 0.5856916310957595
2 38 0.5801162481913288
2 39 0.5683773832331361
2 40 0.5782984768661154
2 41 0.5743447124207276
2 42 0.569283030372446
2 43 0.5572572769989638
2 44 0.5757770714857342
2 45 0.5680407975410263
2 46 0.5687002948947026
2 47 0.5861943259697274
2 48 0.5705101117378528
2 49 0.572003225918649
2 50 0.4597487644243274
2 51 0.4449010202933096
2 52 0.45822375539761595
2 53 0.4611531675544866
2 54 0.4589565302570791
2 55 0.4631016264298875
2 56 0.4636857425148186
2 57 0.4658777667556989
2 58 0.46998195974555595
2 59 0.45938978914513884
2 60 0.45822375539761595
2 61 0.4613298576238492
2 62 0.4592285768776949
2 63 0.45938978914513884
2 64 0.45938978914513884
2 65 0.45938978914513884
2 66 0.34686133961637255
2 67 0.46377859191546894
2 68 0.4662045984923127
2 69 0.46323880251442623
2 70 0.4632392798810312
2 71 0.46371934928061886
2 72 0.46482760531389555
2 73 0.46072724669837684
2 74 0.47405584195307315
2 75 0.46335053061788184
2 76 0.4589502113547104
2 77 0.4650667899299085
2 78 0.45938978914513884
2 79 0.4859920350365489
2 80 0.45938978914513884
2 81 0.45938978914513884
2 82 0.45938978914513884
2 83 0.45938978914513884
2 84 0.48207305655418237
2 85 0.45938978914513884
2 86 0.45938978914513884
2 87 0.45938978914513884
2 88 0.4689917667508535
2 89 0.45184219338678466
2 90 0.45184219338678466
2 91 0.45184219338678466
2 92 0.45184219338678466
2 93 0.45184219338678466
2 94 0.45184219338678466
2 95 0.45184219338678466
2 96 0.45184219338678466
2 97 0.45184219338678466
2 98 0.45184219338678466
2 99 0.45184219338678466
2 100 0.45184219338678466
2 101 0.45938978914513884
2 102 0.45938978914513884
2 103 0.45938978914513884
2 104 0.45938978914513884
2 105 0.45938978914513884
2 106 0.45938978914513884
2 107 0.45938978914513884
2 108 0.45938978914513884
2 109 0.45938978914513884
2 110 0.45938978914513884
2 111 0.45938978914513884
2 112 0.45938978914513884
2 113 0.45938978914513884
2 114 0.45938978914513884
2 115 0.48803936622324107
2 116 0.4537867966413163
2 117 0.4565181241080945
2 118 0.46977503447882174
2 119 0.4645685609362243
2 120 0.4659142460869705
3 0 0.9961701972890767
3 1 0.9969822459631151
3 2 0.5676609169897734
3 3 1.0000000000000002
3 4 0.9965307636878452
3 5 0.9930402794345625
3 6 0.9965623838363303
3 7 0.9972557374382687
3 8 0.9954363343826195
3 9 0.9939102238408637
3 10 0.9933538888778467
3 11 0.98867943535664
3 12 0.98867943535664
3 13 0.9940691771456988
3 14 0.9950453847936123
3 15 0.9957086218567258
3 16 0.9958820025833196
3 17 0.995380587658815
3 18 0.9960991769923295
3 19 0.9953412201233036
3 20 0.9954147068626892
3 21 0.9945376777112375
3 22 0.9938796944899999
3 23 0.995223263388073
3 24 0.9958999869727339
3 25 0.9952693578770156
3 26 0.9922181098828176
3 27 0.9953788777141411
3 28 0.995726323397738
3 29 0.9962442302084779
3 30 0.9955205332844741
3 31 0.9911093684841579
3 32 0.993306396765232
3 33 0.9958001872664383
3 34 0.9957467105587227
3 35 0.9961988488404545
3 36 0.9957342841700554
3 37 0.9949348581400896
3 38 0.9954352025358725
3 39 0.996263445559347
3 40 0.9940691771456988
3 41 0.9955471063435105
3 42 0.9971408284770364
3 43 0.9970738207021023
3 44 0.9965642472505141
3 45 0.997205366275379
3 46 0.9971960533812372
3 47 0.9952007452930727
3 48 0.9956236599106333
3 49 0.9952401042267963
3 50 0.8890374410720282
3 51 0.9121702508189041
3 52 0.9525778986131745
3 53 0.9472479235529156
3 54 0.9461330441864397
3 55 0.9367661463806418
3 56 0.9452167859599044
3 57 0.9236653982199088
3 58 0.9343493937361543
3 59 0.9048581087049679
3 60 0.9525778986131745
3 61 0.9375227424885181
3 62 0.9309842551847844
3 63 0.9048581087049679
3 64 0.9048581087049679
3 65 0.9048581087049679
3 66 0.5816888150637909
3 67 0.9472941708515759
3 68 0.9285694349189613
3 69 0.9498254474905794
3 70 0.9486198079157077
3 71 0.9201928999250808
3 72 0.9323960180398516
3 73 0.9490058155751481
3 74 0.9259847048141149
3 75 0.937519413691016
3 76 0.8902959287638865
3 77 0.9239165928917542
3 78 0.9048581087049679
3 79 0.9127377589749757
3 80 0.9048581087049679
3 81 0.9048581087049679
3 82 0.9048581087049679
3 83 0.9048581087049679
3 84 0.9194186062737845
3 85 0.9048581087049679
3 86 0.9048581087049679
3 87 0.9048581087049679
3 88 0.934248735368998
3 89 0.9265512232713068
3 90 0.9265512232713068
3 91 0.9265512232713068
3 92 0.9265512232713068
3 93 0.9265512232713068
3 94 0.9265512232713068
3 95 0.9265512232713068
3 96 0.9265512232713068
3 97 0.9265512232713068
3 98 0.9265512232713068
3 99 0.9265512232713068
3 100 0.9265512232713068
3 101 0.9048581087049679
3 102 0.9048581087049679
3 103 0.9048581087049679
3 104 0.9048581087049679
3 105 0.9048581087049679
3 106 0.9048581087049679
3 107 0.9048581087049679
3 108 0.9048581087049679
3 109 0.9048581087049679
3 110 0.9048581087049679
3 111 0.9048581087049679
3 112 0.9048581087049679
3 113 0.9048581087049679
3 114 0.9048581087049679
3 115 0.9166715046367135
3 116 0.9368210806618773
3 117 0.9311670266638274
3 118 0.9258842923016145
3 119 0.9205752414502261
3 120 0.9432029094119556
4 0 0.9972536149414076
4 1 0.9975693172939669
4 2 0.5540751802281934
4 3 0.9965307636878452
4 4 1.0000000000000002
4 5 0.9912603532215457
4 6 0.9979116924456563
4 7 0.99875818483355
4 8 0.997494069051861
4 9 0.9928703563273269
4 10 0.9926468235262862
4 11 0.9853465718440518
4 12 0.9853465718440518
4 13 0.9947325226613024
4 14 0.9953106693535905
4 15 0.9959067829317936
4 16 0.9972072921220496
4 17 0.9960731257105145
4 18 0.9976675928182848
4 19 0.996449398601202
4 20 0.995968135291226
4 21 0.9962477345441336
4 22 0.9972205797689695
4 23 0.9958558366371584
4 24 0.9961414415825951
4 25 0.9968678126178041
4 26 0.9972203244105393
4 27 0.9964774759584993
4 28 0.9971703329621711
4 29 0.9972529494482362
4 30 0.9970899821041831
4 31 0.9880317339799672
4 32 0.9926325718235559
4 33 0.9963128482682497
4 34 0.9969465261521272
4 35 0.9971600407335525
4 36 0.995638238389427
4 37 0.9932184928328321
4 38 0.9957994027026225
4 39 0.9956689310728388
4 40 0.9947325226613024
4 41 0.9936300928822018
4 42 0.9959254000282236
4 43 0.9984166889581888
4 44 0.9946414584191271
4 45 0.9965422171315159
4 46 0.9968157891840685
4 47 0.9941250870217588
4 48 0.9958937744928419
4 49 0.9971366315407556
4 50 0.8991142597526587
4 51 0.921085348153479
4 52 0.9614641184203309
4 53 0.9566467648955943
4 54 0.9554915155435657
4 55 0.9464013743994424
4 56 0.9542263395587066
4 57 0.9337595914330638
4 58 0.9446269623191184
4 59 0.9146436249057764
4 60 0.9614641184203309
4 61 0.9474030756483237
4 62 0.9404859647688975
4 63 0.9146436249057764
4 64 0.9146436249057764
4 65 0.9146436249057764
4 66 0.5907476078484861
4 67 0.9562616553250691
4 68 0.9386619502871163
4 69 0.9589534893831823
4 70 0.957443668615608
4 71 0.9300906161668908
4 72 0.942169039436811
4 73 0.9582520275757026
4 74 0.936137518981479
4 75 0.9474909975188806
4 76 0.9002283518201496
4 77 0.9340897922549558
4 78 0.9146436249057764
4 79 0.923564698343779
4 80 0.9146436249057764
4 81 0.9146436249057764
4 82 0.9146436249057764
4 83 0.9146436249057764
4 84 0.9305234604790783
4 85 0.9146436249057764
4 86 0.9146436249057764
4 87 0.9146436249057764
4 88 0.9438484857206555
4 89 0.935559976763508
4 90 0.935559976763508
4 91 0.935559976763508
4 92 0.935559976763508
4 93 0.935559976763508
4 94 0.935559976763508
4 95 0.935559976763508
4 96 0.935559976763508
4 97 0.935559976763508
4 98 0.935559976763508
4 99 0.935559976763508
4 100 0.935559976763508
4 101 0.9146436249057764
4 102 0.9146436249057764
4 103 0.9146436249057764
4 104 0.9146436249057764
4 105 0.9146436249057764
4 106 0.9146436249057764
4 107 0.9146436249057764
4 108 0.9146436249057764
4 109 0.9146436249057764
4 110 0.9146436249057764
4 111 0.9146436249057764
4 112 0.9146436249057764
4 113 0.9146436249057764
4 114 0.9146436249057764
4 115 0.9266869215853097
4 116 0.9451487832161033
4 117 0.9406539793717593
4 118 0.9361168575330917
4 119 0.9305652353144406
4 120 0.9523896998735596
5 0 0.9942878734874737
5 1 0.9928002364367099
5 2 0.5934240395271198
5 3 0.9930402794345625
5 4 0.9912603532215457
5 5 0.9999999999999999
5 6 0.9922736796633002
5 7 0.99110046638231
5 8 0.9932018638695972
5 9 0.994768750589671
5 10 0.9950109613459155
5 11 0.991617695770789
5 12 0.991617695770789
5 13 0.9929444701693841
5 14 0.993524818182145
5 15 0.9941247437203559
5 16 0.9932020201039444
5 17 0.9945121310842527
5 18 0.993974672488236
5 19 0.99376574291055
5 20 0.9944606514174547
5 21 0.994811131099448
5 22 0.9922861946254485
5 23 0.9943118359582489
5 24 0.9943251958523045
5 25 0.9936818556454545
5 26 0.9866795964337132
5 27 0.9943079812051963
5 28 0.994113693070185
5 29 0.9931968825940966
5 30 0.9935912526682394
5 31 0.9940153362601022
5 32 0.9949884244060908
5 33 0.994219612148162
5 34 0.9933992761055092
5 35 0.9932427535136948
5 36 0.9951361864039309
5 37 0.9936576403213122
5 38 0.9946501052158186
5 39 0.9928359957709975
5 40 0.9929444701693841
5 41 0.993183411984319
5 42 0.9934516001853756
5 43 0.9921264212115896
5 44 0.9937928515707056
5 45 0.9930722357599481
5 46 0.9940392065540736
5 47 0.9944817087236062
5 48 0.9938508994978498
5 49 0.9937448826657209
5 50 0.8764986557850832
5 51 0.9017757939903097
5 52 0.9420302127537673
5 53 0.9367118765677037
5 54 0.9347989553675263
5 55 0.9258643106795108
5 56 0.93404713506171
5 57 0.9119409554806877
5 58 0.9218993691968561
5 59 0.8943851435966594
5 60 0.9420302127537673
5 61 0.9259853201041554
5 62 0.9199230473910974
5 63 0.8943851435966594
5 64 0.8943851435966594
5 65 0.8943851435966594
5 66 0.5736826809693518
5 67 0.9367851197708918
5 68 0.9177571276644915
5 69 0.9391009122507118
5 70 0.9377161423543227
5 71 0.909206907047165
5 72 0.9218015549627053
5 73 0.938498817552821
5 74 0.9129234448280695
5 75 0.9260111263213655
5 76 0.8787089825162133
5 77 0.9121465902904765
5 78 0.8943851435966594
5 79 0.8995977374903334
5 80 0.8943851435966594
5 81 0.8943851435966594
5 82 0.8943851435966594
5 83 0.8943851435966594
5 84 0.9070483449786534
5 85 0.8943851435966594
5 86 0.8943851435966594
5 87 0.8943851435966594
5 88 0.921870894060342
5 89 0.9162506008754859
5 90 0.9162506008754859
5 91 0.9162506008754859
5 92 0.9162506008754859
5 93 0.9162506008754859
5 94 0.9162506008754859
5 95 0.9162506008754859
5 96 0.9162506008754859
5 97 0.9162506008754859
5 98 0.9162506008754859
5 99 0.9162506008754859
5 100 0.9162506008754859
5 101 0.8943851435966594
5 102 0.8943851435966594
5 103 0.8943851435966594
5 104 0.8943851435966594
5 105 0.8943851435966594
5 106 0.8943851435966594
5 107 0.8943851435966594
5 108 0.8943851435966594
5 109 0.8943851435966594
5 110 0.8943851435966594
5 111 0.8943851435966594
5 112 0.8943851435966594
5 113 0.8943851435966594
5 114 0.8943851435966594
5 115 0.9037071245015279
5 116 0.9242006327429978
5 117 0.9197293014140646
5 118 0.9131060352880549
5 119 0.908602177031871
5 120 0.9325051599475243
6 0 0.9976157673652044
6 1 0.9975313155758675
6 2 0.5688165243005718
6 3 0.9965623838363303
6 4 0.9979116924456563
6 5 0.9922736796633002
6 6 1.0
6 7 0.9978927792906104
6 8 0.9970033254745907
6 9 0.9938790421760576
6 10 0.9936246890783308
6 11 0.9870715852946484
6 12 0.9870715852946484
6 13 0.9948548969535541
6 14 0.9957408109248291
6 15 0.9960321856843024
6 16 0.996679733410657
6 17 0.9962370682940013
6 18 0.99725694771516
6 19 0.996415073062908
6 20 0.9963142681497532
6 21 0.9959339375018089
6 22 0.9962494941151124
6 23 0.9962035541412778
6 24 0.996057841330912
6 25 0.9965694848546308
6 26 0.9956040384171364
6 27 0.9958371000259225
6 28 0.9972075028056585
6 29 0.996849718321314
6 30 0.996954376751545
6 31 0.9898805086245113
6 32 0.9937749419528946
6 33 0.99681139941433
6 34 0.996690945855094
6 35 0.9970741596385764
6 36 0.9957499959298174
6 37 0.9937985368117422
6 38 0.9956173178372889
6 39 0.9959611743123102
6 40 0.9948548969535541
6 41 0.9942444769698486
6 42 0.995649114948398
6 43 0.9977984148558741
6 44 0.9953951390305512
6 45 0.9968013028634118
6 46 0.9968193629604202
6 47 0.9950867290439838
6 48 0.9960376833065372
6 49 0.9967310609118742
6 50 0.8942168741985307
6 51 0.9165492344325218
6 52 0.9568976881509293
6 53 0.952416442586702
6 54 0.9506087322739237
6 55 0.9414526007195959
6 56 0.9493252622403401
6 57 0.9289214631834917
6 58 0.9405375615717247
6 59 0.9080035536767752
6 60 0.9568976881509293
6 61 0.9423623163906173
6 62 0.9359420437813039
6 63 0.9080035536767752
6 64 0.9080035536767752
6 65 0.9080035536767752
6 66 0.5840344047929436
6 67 0.951579386473038
6 68 0.9344902067639652
6 69 0.954241572066656
6 70 0.9527579574549885
6 71 0.9252632247213515
6 72 0.9377304098910456
6 73 0.9534982072428165
6 74 0.9312966514923535
6 75 0.9424348067773134
6 76 0.89540943117571
6 77 0.929224340133933
6 78 0.9080035536767752
6 79 0.9186598532951927
6 80 0.9080035536767752
6 81 0.9080035536767752
6 82 0.9080035536767752
6 83 0.9080035536767752
6 84 0.9258866464953023
6 85 0.9080035536767752
6 86 0.9080035536767752
6 87 0.9080035536767752
6 88 0.9391574659163646
6 89 0.9312320619830067
6 90 0.9312320619830067
6 91 0.9312320619830067
6 92 0.9312320619830067
6 93 0.9312320619830067
6 94 0.9312320619830067
6 95 0.9312320619830067
6 96 0.9312320619830067
6 97 0.9312320619830067
6 98 0.9312320619830067
6 99 0.9312320619830067
6 100 0.9312320619830067
6 101 0.9080035536767752
6 102 0.9080035536767752
6 103 0.9080035536767752
6 104 0.9080035536767752
6 105 0.9080035536767752
6 106 0.9080035536767752
6 107 0.9080035536767752
6 108 0.9080035536767752
6 109 0.9080035536767752
6 110 0.9080035536767752
6 111 0.9080035536767752
6 112 0.9080035536767752
6 113 0.9080035536767752
6 114 0.9080035536767752
6 115 0.9215853202689851
6 116 0.9402166451035141
6 117 0.9357300284547825
6 118 0.9318921691311758
6 119 0.9267696877449546
6 120 0.9475279521502308
7 0 0.9973331283779687
7 1 0.9979263228636281
7 2 0.5617584805178294
7 3 0.9972557374382687
7 4 0.99875818483355
7 5 0.99110046638231
7 6 0.9978927792906104
7 7 0.9999999999999999
7 8 0.9973914530504531
7 9 0.9929755666060497
7 10 0.9927782297027101
7 11 0.9861694627368485
7 12 0.9861694627368485
7 13 0.994776989026336
7 14 0.9954286788354401
7 15 0.996056218946915
7 16 0.9972322059411651
7 17 0.9964001698905184
7 18 0.9977035921629269
7 19 0.996181994771431
7 20 0.9960041600297164
7 21 0.99580471187189
7 22 0.9967215793892182
7 23 0.9960004574401738
7 24 0.9965241163937458
7 25 0.9965904684063319
7 26 0.9969652745570455
7 27 0.996283403231138
7 28 0.9969234301938
7 29 0.9978584074634748
7 30 0.9970598396642698
7 31 0.9886845895149889
7 32 0.9928267803620338
7 33 0.9963174770903993
7 34 0.9970593738247786
7 35 0.9977412016559299
7 36 0.9958993781324543
7 37 0.9937953371806716
7 38 0.9958395021596829
7 39 0.996169336606836
7 40 0.994776989026336
7 41 0.9938667605431973
7 42 0.995564049993246
7 43 0.9981063692370913
7 44 0.9945118657873787
7 45 0.9968790558827442
7 46 0.9969381473894248
7 47 0.9939360989674139
7 48 0.9957346507921692
7 49 0.9966943930913597
7 50 0.8978201905957551
7 51 0.9199111856892649
7 52 0.9602337891883381
7 53 0.9554610923971646
7 54 0.9543405188370336
7 55 0.9456799980036384
7 56 0.9531173145060511
7 57 0.9325984041519585
7 58 0.943282938621609
7 59 0.9135930335618446
7 60 0.9602337891883381
7 61 0.9460848918078643
7 62 0.9392604627254606
7 63 0.9135930335618446
7 64 0.9135930335618446
7 65 0.9135930335618446
7 66 0.5903238228356
7 67 0.9551176985707088
7 68 0.9374791035579263
7 69 0.9578537342587
7 70 0.9563962738539428
7 71 0.9288855084527297
7 72 0.941044199158952
7 73 0.9570199109186197
7 74 0.9348405441090293
7 75 0.9461911931769219
7 76 0.8989909420606254
7 77 0.9329253182101445
7 78 0.9135930335618446
7 79 0.9223171230002959
7 80 0.9135930335618446
7 81 0.9135930335618446
7 82 0.9135930335618446
7 83 0.9135930335618446
7 84 0.9293654670776461
7 85 0.9135930335618446
7 86 0.9135930335618446
7 87 0.9135930335618446
7 88 0.9425547888719795
7 89 0.9343867879123342
7 90 0.9343867879123342
7 91 0.9343867879123342
7 92 0.9343867879123342
7 93 0.9343867879123342
7 94 0.9343867879123342
7 95 0.9343867879123342
7 96 0.9343867879123342
7 97 0.9343867879123342
7 98 0.9343867879123342
7 99 0.9343867879123342
7 100 0.9343867879123342
7 101 0.9135930335618446
7 102 0.9135930335618446
7 103 0.9135930335618446
7 104 0.9135930335618446
7 105 0.9135930335618446
7 106 0.9135930335618446
7 107 0.9135930335618446
7 108 0.9135930335618446
7 109 0.9135930335618446
7 110 0.9135930335618446
7 111 0.9135930335618446
7 112 0.9135930335618446
7 113 0.9135930335618446
7 114 0.9135930335618446
7 115 0.9252960902311576
7 116 0.9439084700670408
7 117 0.9394790768022996
7 118 0.9347931849048626
7 119 0.929259834683592
7 120 0.9511652160607986
8 0 0.9980096946222266
8 1 0.9966026511073943
8 2 0.5665414705230324
8 3 0.9954363343826195
8 4 0.997494069051861
8 5 0.9932018638695972
8 6 0.9970033254745907
8 7 0.9973914530504531
8 8 1.0000000000000002
8 9 0.9947778445626814
8 10 0.9945624864723462
8 11 0.9882670438870013
8 12 0.9882670438870013
8 13 0.99536686162948
8 14 0.9963924509952479
8 15 0.9965850391054548
8 16 0.9973754047344697
8 17 0.996945578390201
8 18 0.9980594790458794
8 19 0.9972169317497336
8 20 0.9969636427534553
8 21 0.9972573365628984
8 22 0.9976918007300316
8 23 0.9968737408606587
8 24 0.996676557805012
8 25 0.9975919538327958
8 26 0.9965320722765959
8 27 0.9967839936952564
8 28 0.9978714048921759
8 29 0.997485120351104
8 30 0.997691431726288
8 31 0.9906873714964598
8 32 0.9948873302650314
8 33 0.9971287783447833
8 34 0.9973692512558494
8 35 0.997724869047846
8 36 0.9963797983920525
8 37 0.9939437235929186
8 38 0.9964956947381644
8 39 0.9949249627709607
8 40 0.99536686162948
8 41 0.9937574357160925
8 42 0.9948060126346678
8 43 0.99727614110341
8 44 0.9946155964941407
8 45 0.9956962394186324
8 46 0.996180109027313
8 47 0.9941702500388907
8 48 0.9955119213166459
8 49 0.9977239150857152
8 50 0.8914473730703643
8 51 0.9200105452876487
8 52 0.9591043947861544
8 53 0.9549785492697337
8 54 0.9533223039877957
8 55 0.9445262489015105
8 56 0.9515313316976243
8 57 0.9310117959424424
8 58 0.9413910188017107
8 59 0.9122986698187167
8 60 0.9591043947861544
8 61 0.9445595284602002
8 62 0.9379881558461338
8 63 0.9122986698187167
8 64 0.9122986698187167
8 65 0.9122986698187167
8 66 0.5888960751805862
8 67 0.953964887152022
8 68 0.9360506043059412
8 69 0.956662890637285
8 70 0.9551060331776501
8 71 0.9273493292758421
8 72 0.9396392019644858
8 73 0.9559253812446373
8 74 0.9328300492766384
8 75 0.9446572896962039
8 76 0.8977024446763504
8 77 0.9313101042689186
8 78 0.9122986698187167
8 79 0.9203321016078856
8 80 0.9122986698187167
8 81 0.9122986698187167
8 82 0.9122986698187167
8 83 0.9122986698187167
8 84 0.9275114591722361
8 85 0.9122986698187167
8 86 0.9122986698187167
8 87 0.9122986698187167
8 88 0.9407395955366957
8 89 0.9332467453217081
8 90 0.9332467453217081
8 91 0.9332467453217081
8 92 0.9332467453217081
8 93 0.9332467453217081
8 94 0.9332467453217081
8 95 0.9332467453217081
8 96 0.9332467453217081
8 97 0.9332467453217081
8 98 0.9332467453217081
8 99 0.9332467453217081
8 100 0.9332467453217081
8 101 0.9122986698187167
8 102 0.9122986698187167
8 103 0.9122986698187167
8 104 0.9122986698187167
8 105 0.9122986698187167
8 106 0.9122986698187167
8 107 0.9122986698187167
8 108 0.9122986698187167
8 109 0.9122986698187167
8 110 0.9122986698187167
8 111 0.9122986698187167
8 112 0.9122986698187167
8 113 0.9122986698187167
8 114 0.9122986698187167
8 115 0.9233730799366284
8 116 0.9423749067280336
8 117 0.9379008419222452
8 118 0.9331647687906401
8 119 0.9274620263524842
8 120 0.94983475201695
9 0 0.9955836098365953
9 1 0.9940204339767145
9 2 0.5895058233746608
9 3 0.9939102238408637
9 4 0.9928703563273269
9 5 0.994768750589671
9 6 0.9938790421760576
9 7 0.9929755666060497
9 8 0.9947778445626814
9 9 0.9999999999999999
9 10 0.9958040826550743
9 11 0.9895840778393915
9 12 0.9895840778393915
9 13 0.9935722703856472
9 14 0.9961419450467379
9 15 0.9951783679362702
9 16 0.9943058438928396
9 17 0.9951503200304543
9 18 0.9952412575947668
9 19 0.99618260700384
9 20 0.9955679885226845
9 21 0.9941294087121489
9 22 0.9924943911507335
9 23 0.9951304803015427
9 24 0.99470141852391
9 25 0.9949443346797971
9 26 0.989168907511104
9 27 0.9950060656657068
9 28 0.9950363519738217
9 29 0.9946087140951926
9 30 0.9946427553638106
9 31 0.9937139707177076
9 32 0.9942137777116914
9 33 0.9950619541472194
9 34 0.9947977680293896
9 35 0.9949933703510229
9 36 0.9959814321484577
9 37 0.9947520746760448
9 38 0.9948946662358518
9 39 0.9938992872842726
9 40 0.9935722703856472
9 41 0.9941210671761185
9 42 0.9940765180146091
9 43 0.9936876679479951
9 44 0.993850297689625
9 45 0.9942522878150801
9 46 0.9948756787610911
9 47 0.9953414587861971
9 48 0.9955541901905803
9 49 0.9958355616534535
9 50 0.878243929070704
9 51 0.9063617873313522
9 52 0.9454212174455462
9 53 0.9407231539431085
9 54 0.9387435996675987
9 55 0.9294766119241812
9 56 0.9376145043680139
9 57 0.9156034999534081
9 58 0.9252971980079137
9 59 0.8978104533288125
9 60 0.9454212174455462
9 61 0.9294764826125529
9 62 0.9232194782334359
9 63 0.8978104533288125
9 64 0.8978104533288125
9 65 0.8978104533288125
9 66 0.5765698982221517
9 67 0.940192468480437
9 68 0.9205488444592543
9 69 0.9424115207226538
9 70 0.9413085408890148
9 71 0.9118873751536779
9 72 0.9247335552824212
9 73 0.9418720404793297
9 74 0.9164571319656696
9 75 0.9294929666208629
9 76 0.882512604455061
9 77 0.9158328031330031
9 78 0.8978104533288125
9 79 0.9032622232614569
9 80 0.8978104533288125
9 81 0.8978104533288125
9 82 0.8978104533288125
9 83 0.8978104533288125
9 84 0.9106529439140275
9 85 0.8978104533288125
9 86 0.8978104533288125
9 87 0.8978104533288125
9 88 0.9254545492546149
9 89 0.9195145472968022
9 90 0.9195145472968022
9 91 0.9195145472968022
9 92 0.9195145472968022
9 93 0.9195145472968022
9 94 0.9195145472968022
9 95 0.9195145472968022
9 96 0.9195145472968022
9 97 0.9195145472968022
9 98 0.9195145472968022
9 99 0.9195145472968022
9 100 0.9195145472968022
9 101 0.8978104533288125
9 102 0.8978104533288125
9 103 0.8978104533288125
9 104 0.8978104533288125
9 105 0.8978104533288125
9 106 0.8978104533288125
9 107 0.8978104533288125
9 108 0.8978104533288125
9 109 0.8978104533288125
9 110 0.8978104533288125
9 111 0.8978104533288125
9 112 0.8978104533288125
9 113 0.8978104533288125
9 114 0.8978104533288125
9 115 0.9071157307673003
9 116 0.92757151679012
9 117 0.9231921670007542
9 118 0.9168625949153911
9 119 0.9116482891567653
9 120 0.9359220046747876
10 0 0.9955832424773366
10 1 0.9935878280800352
10 2 0.5807930991774374
10 3 0.9933538888778467
10 4 0.9926468235262862
10 5 0.9950109613459155
10 6 0.9936246890783308
10 7 0.9927782297027101
10 8 0.9945624864723462
10 9 0.9958040826550743
10 10 0.9999999999999999
10 11 0.9917087872401193
10 12 0.9917087872401193
10 13 0.9942872742715099
10 14 0.9957605778360702
10 15 0.995047714737555
10 16 0.9946521299420832
10 17 0.9956521244465569
10 18 0.9958081813247868
10 19 0.9963939623051669
10 20 0.9959704989697731
10 21 0.9962676645575029
10 22 0.9945279262812301
10 23 0.995284319386852
10 24 0.9950369184272211
10 25 0.9947479745344446
10 26 0.9899101910264666
10 27 0.9948991691208615
10 28 0.9950561451842626
10 29 0.9946075863953587
10 30 0.9951296862115481
10 31 0.9930807560743267
10 32 0.9958431758256592
10 33 0.9960751197414224
10 34 0.9950097132612038
10 35 0.9950501044553283
10 36 0.9954395651951047
10 37 0.9940221229381342
10 38 0.9950945669680195
10 39 0.9933408031865011
10 40 0.9942872742715099
10 41 0.9931582361494727
10 42 0.9933823759142384
10 43 0.9931662364465071
10 44 0.9935689623021733
10 45 0.9940867214826126
10 46 0.9941404096522223
10 47 0.9940183387467815
10 48 0.994599746614273
10 49 0.9960238577659011
10 50 0.8854646546336332
10 51 0.9085368281310447
10 52 0.9489288155068143
10 53 0.9436562022914448
10 54 0.9426657642371017
10 55 0.9338940490880364
10 56 0.9415185100098056
10 57 0.9195439353296327
10 58 0.9299996750606692
10 59 0.9010724155375694
10 60 0.9489288155068143
10 61 0.9343473483998379
10 62 0.9283718344745452
10 63 0.9010724155375694
10 64 0.9010724155375694
10 65 0.9010724155375694
10 66 0.5783984809496892
10 67 0.9436905335053771
10 68 0.925013181124624
10 69 0.9460233433895807
10 70 0.9451619106722471
10 71 0.9166404723450194
10 72 0.9288659608011506
10 73 0.9451542571736122
10 74 0.9214337614001171
10 75 0.9342572803089659
10 76 0.8859957803364324
10 77 0.9197796989819357
10 78 0.9010724155375694
10 79 0.9082179098575017
10 80 0.9010724155375694
10 81 0.9010724155375694
10 82 0.9010724155375694
10 83 0.9010724155375694
10 84 0.9149511434376023
10 85 0.9010724155375694
10 86 0.9010724155375694
10 87 0.9010724155375694
10 88 0.9300303824162911
10 89 0.9229567402801523
10 90 0.9229567402801523
10 91 0.9229567402801523
10 92 0.9229567402801523
10 93 0.9229567402801523
10 94 0.9229567402801523
10 95 0.9229567402801523
10 96 0.9229567402801523
10 97 0.9229567402801523
10 98 0.9229567402801523
10 99 0.9229567402801523
10 100 0.9229567402801523
10 101 0.9010724155375694
10 102 0.9010724155375694
10 103 0.9010724155375694
10 104 0.9010724155375694
10 105 0.9010724155375694
10 106 0.9010724155375694
10 107 0.9010724155375694
10 108 0.9010724155375694
10 109 0.9010724155375694
10 110 0.9010724155375694
10 111 0.9010724155375694
10 112 0.9010724155375694
10 113 0.9010724155375694
10 114 0.9010724155375694
10 115 0.9128993952147685
10 116 0.9316872290701482
10 117 0.9273559538768069
10 118 0.9214458588338937
10 119 0.9167612153572431
10 120 0.9402920215406403
11 0 0.989425791472669
11 1 0.9876690762523621
11 2 0.5816186996410737
11 3 0.98867943535664
11 4 0.9853465718440518
11 5 0.991617695770789
11 6 0.9870715852946484
11 7 0.9861694627368485
11 8 0.9882670438870013
11 9 0.9895840778393915
11 10 0.9917087872401193
11 11 1.0000000000000002
11 12 1.0000000000000002
11 13 0.9870556491908203
11 14 0.9889532087681417
11 15 0.9895076082654695
11 16 0.9881466704527008
11 17 0.9908705855367845
11 18 0.9895597772202659
11 19 0.9889237120173511
11 20 0.9898075901594304
11 21 0.990783662128561
11 22 0.987910815902648
11 23 0.9890760624596626
11 24 0.990742819424877
11 25 0.988239866246788
11 26 0.9809755035826564
11 27 0.9895235143076446
11 28 0.9892030826073741
11 29 0.988772008214277
11 30 0.9887014894138356
11 31 0.9895916521110922
11 32 0.9937972309664468
11 33 0.9895481620013377
11 34 0.9888542950971371
11 35 0.9882538686458628
11 36 0.9906458615195903
11 37 0.9894817061895821
11 38 0.9901115879495911
11 39 0.9882206109859485
11 40 0.9870556491908203
11 41 0.9879848014810627
11 42 0.9882499339427978
11 43 0.9868270792987538
11 44 0.9897387139359438
11 45 0.9884958439621275
11 46 0.9883967406284695
11 47 0.9896808049632824
11 48 0.988352178171296
11 49 0.9883859574544238
11 50 0.8774041913677285
11 51 0.9007525307005851
11 52 0.9418185795701006
11 53 0.9361267990633998
11 54 0.9346380426538365
11 55 0.9257951337078785
11 56 0.934296367163354
11 57 0.9114481059041452
11 58 0.9222714455953641
11 59 0.8931462975927388
11 60 0.9418185795701006
11 61 0.9257600212805969
11 62 0.9202420729118757
11 63 0.8931462975927388
11 64 0.8931462975927388
11 65 0.8931462975927388
11 66 0.5709950186673973
11 67 0.936588274266616
11 68 0.9178741713509242
11 69 0.9396901783209202
11 70 0.9386037764269095
11 71 0.9096144548280054
11 72 0.9213366274845715
11 73 0.9382585159799569
11 74 0.9143413812483605
11 75 0.9258070730306956
11 76 0.8777071857952116
11 77 0.9116052611876715
11 78 0.8931462975927388
11 79 0.9000806111934692
11 80 0.8931462975927388
11 81 0.8931462975927388
11 82 0.8931462975927388
11 83 0.8931462975927388
11 84 0.9065244259943455
11 85 0.8931462975927388
11 86 0.8931462975927388
11 87 0.8931462975927388
11 88 0.9225938200216244
11 89 0.9156985401796072
11 90 0.9156985401796072
11 91 0.9156985401796072
11 92 0.9156985401796072
11 93 0.9156985401796072
11 94 0.9156985401796072
11 95 0.9156985401796072
11 96 0.9156985401796072
11 97 0.9156985401796072
11 98 0.9156985401796072
11 99 0.9156985401796072
11 100 0.9156985401796072
11 101 0.8931462975927388
11 102 0.8931462975927388
11 103 0.8931462975927388
11 104 0.8931462975927388
11 105 0.8931462975927388
11 106 0.8931462975927388
11 107 0.8931462975927388
11 108 0.8931462975927388
11 109 0.8931462975927388
11 110 0.8931462975927388
11 111 0.8931462975927388
11 112 0.8931462975927388
11 113 0.8931462975927388
11 114 0.8931462975927388
11 115 0.9058696635907267
11 116 0.9256732362829472
11 117 0.9206796388375652
11 118 0.9134482634413872
11 119 0.9088034227124014
11 120 0.9327278568146722
12 0 0.989425791472669
12 1 0.9876690762523621
12 2 0.5816186996410737
12 3 0.98867943535664
12 4 0.9853465718440518
12 5 0.991617695770789
12 6 0.9870715852946484
12 7 0.9861694627368485
12 8 0.9882670438870013
12 9 0.9895840778393915
12 10 0.9917087872401193
12 11 1.0000000000000002
12 12 1.0000000000000002
12 13 0.9870556491908203
12 14 0.9889532087681417
12 15 0.9895076082654695
12 16 0.9881466704527008
12 17 0.9908705855367845
12 18 0.9895597772202659
12 19 0.9889237120173511
12 20 0.9898075901594304
12 21 0.990783662128561
12 22 0.987910815902648
12 23 0.9890760624596626
12 24 0.990742819424877
12 25 0.988239866246788
12 26 0.9809755035826564
12 27 0.9895235143076446
12 28 0.9892030826073741
12 29 0.988772008214277
12 30 0.9887014894138356
12 31 0.9895916521110922
12 32 0.9937972309664468
12 33 0.9895481620013377
12 34 0.9888542950971371
12 35 0.9882538686458628
12 36 0.9906458615195903
12 37 0.9894817061895821
12 38 0.9901115879495911
12 39 0.9882206109859485
12 40 0.9870556491908203
12 41 0.9879848014810627
12 42 0.9882499339427978
12 43 0.9868270792987538
12 44 0.9897387139359438
12 45 0.9884958439621275
12 46 0.9883967406284695
12 47 0.9896808049632824
12 48 0.988352178171296
12 49 0.9883859574544238
12 50 0.8774041913677285
12 51 0.9007525307005851
12 52 0.9418185795701006
12 53 0.9361267990633998
12 54 0.9346380426538365
12 55 0.9257951337078785
12 56 0.934296367163354
12 57 0.9114481059041452
12 58 0.9222714455953641
12 59 0.8931462975927388
12 60 0.9418185795701006
12 61 0.9257600212805969
12 62 0.9202420729118757
12 63 0.8931462975927388
12 64 0.8931462975927388
12 65 0.8931462975927388
12 66 0.5709950186673973
12 67 0.936588274266616
12 68 0.9178741713509242
12 69 0.9396901783209202
12 70 0.9386037764269095
12 71 0.9096144548280054
12 72 0.9213366274845715
12 73 0.9382585159799569
12 74 0.9143413812483605
12 75 0.9258070730306956
12 76 0.8777071857952116
12 77 0.9116052611876715
12 78 0.8931462975927388
12 79 0.9000806111934692
12 80 0.8931462975927388
12 81 0.8931462975927388
12 82 0.8931462975927388
12 83 0.8931462975927388
12 84 0.9065244259943455
12 85 0.8931462975927388
12 86 0.8931462975927388
12 87 0.8931462975927388
12 88 0.9225938200216244
12 89 0.9156985401796072
12 90 0.9156985401796072
12 91 0.9156985401796072
12 92 0.9156985401796072
12 93 0.9156985401796072
12 94 0.9156985401796072
12 95 0.9156985401796072
12 96 0.9156985401796072
12 97 0.9156985401796072
12 98 0.9156985401796072
12 99 0.9156985401796072
12 100 0.9156985401796072
12 101 0.8931462975927388
12 102 0.8931462975927388
12 103 0.8931462975927388
12 104 0.8931462975927388
12 105 0.8931462975927388
12 106 0.8931462975927388
12 107 0.8931462975927388
12 108 0.8931462975927388
12 109 0.8931462975927388
12 110 0.8931462975927388
12 111 0.8931462975927388
12 112 0.8931462975927388
12 113 0.8931462975927388
12 114 0.8931462975927388
12 115 0.9058696635907267
12 116 0.9256732362829472
12 117 0.9206796388375652
12 118 0.9134482634413872
12 119 0.9088034227124014
12 120 0.9327278568146722
13 0 0.996059084109067
13 1 0.9951356107811802
13 2 0.5782984768661154
13 3 0.9940691771456988
13 4 0.9947325226613024
13 5 0.9929444701693841
13 6 0.9948548969535541
13 7 0.994776989026336
13 8 0.99536686162948
13 9 0.9935722703856472
13 10 0.9942872742715099
13 11 0.9870556491908203
13 12 0.9870556491908203
13 13 1.0
13 14 0.9959247759732823
13 15 0.9947435828673055
13 16 0.9956841165151388
13 17 0.9958762030263179
13 18 0.9958653475004059
13 19 0.9957622624809329
13 20 0.9955111778530024
13 21 0.9949629634153353
13 22 0.994594887862138
13 23 0.9954276102715801
13 24 0.9951560293562519
13 25 0.9951362712440074
13 26 0.9935501492456065
13 27 0.9949373035205884
13 28 0.9954723455549565
13 29 0.9953273863904372
13 30 0.9959951532375307
13 31 0.9898727236247995
13 32 0.9927889771120508
13 33 0.9955664386659753
13 34 0.9952535062566037
13 35 0.9955650882231649
13 36 0.9947830767364135
13 37 0.9957128522740541
13 38 0.9951331805495426
13 39 0.9964952413437183
13 40 1.0
13 41 0.9947009429742342
13 42 0.9932426479064991
13 43 0.9946926696838465
13 44 0.9928450282331854
13 45 0.9943723768826292
13 46 0.9941012788516672
13 47 0.993188054383837
13 48 0.9959234736040864
13 49 0.9962613575350437
13 50 0.8897695019048506
13 51 0.9114609622134733
13 52 0.9525181876597614
13 53 0.9477135660978088
13 54 0.9459900134528343
13 55 0.937575775158816
13 56 0.9451226993752572
13 57 0.9241452574049316
13 58 0.9342034371343765
13 59 0.9059103765579126
13 60 0.9525181876597614
13 61 0.9379963245715964
13 62 0.9312889746197667
13 63 0.9059103765579126
13 64 0.9059103765579126
13 65 0.9059103765579126
13 66 0.5846610536371359
13 67 0.9474533815780295
13 68 0.9297386641767126
13 69 0.9499633803897193
13 70 0.9486980925120819
13 71 0.9215158088603995
13 72 0.9335757951134592
13 73 0.9491445145334705
13 74 0.9258235009381033
13 75 0.938116362127578
13 76 0.8908999427491514
