0 0 0.9999999999999998
0 1 0.9996571748106001
0 2 0.9642413958020134
0 3 0.9995172584776537
0 4 0.9996904494792684
0 5 0.9993748745805425
0 6 0.9997018315304949
0 7 0.9996952739749457
0 8 0.9997463762974033
0 9 0.9994906500178575
0 10 0.9994553492227743
0 11 0.9987039618834611
0 12 0.9987039618834611
0 13 0.9995226882623545
0 14 0.9996205164415565
0 15 0.999671171223544
0 16 0.9997038275889228
0 17 0.9997138205581941
0 18 0.9997182586776815
0 19 0.9996985977994683
0 20 0.9996921030781741
0 21 0.9996636809539761
0 22 0.9997313464559351
0 23 0.9996699534899653
0 24 0.9996936806421128
0 25 0.9996948966154603
0 26 0.9998094748072469
0 27 0.9996255311667606
0 28 0.9997091150922265
0 29 0.999732354601303
0 30 0.9997467457369925
0 31 0.9991916381822504
0 32 0.9994750381468668
0 33 0.9997030807226707
0 34 0.9997083521987206
0 35 0.9997473378081351
0 36 0.9995797608088025
0 37 0.9994316106052337
0 38 0.999621739757518
0 39 0.9994501614265048
0 40 0.9995226882623545
0 41 0.9993487149100294
0 42 0.999433106863594
0 43 0.999651770134256
0 44 0.9994553561885138
0 45 0.9995357540313278
0 46 0.9995574496409361
0 47 0.9994626070419999
0 48 0.9994889800771175
0 49 0.999718229197205
0 50 0.8026578093373624
0 51 0.7698230776252164
0 52 0.7717375224457884
0 53 0.762689010649175
0 54 0.7659803503086878
0 55 0.7679352945936266
0 56 0.7860695660078131
0 57 0.7475465777634003
0 58 0.7895538586120098
0 59 0.4219119538641086
0 60 0.7777347314793822
0 61 0.7387431536703705
0 62 0.7381362975411596
0 63 0.4219119538641086
0 64 0.4219119538641086
0 65 0.4219119538641086
0 66 0.5692048100948487
0 67 0.7704559213033335
0 68 0.7529275596895754
0 69 0.775969779884644
0 70 0.759476307613936
0 71 0.7656290813378058
0 72 0.7478927075508999
0 73 0.7775962068893744
0 74 0.8016190645796106
0 75 0.7416375988559131
0 76 0.7828014740220671
0 77 0.7472282186474947
0 78 0.4219119538641086
0 79 0.8166889376945231
0 80 0.4219119538641086
0 81 0.4219119538641086
0 82 0.4219119538641086
0 83 0.4219119538641086
0 84 0.7921398217462519
0 85 0.4219119538641086
0 86 0.4219119538641086
0 87 0.4219119538641086
0 88 0.7978709023616166
0 89 0.42840794890266015
0 90 0.42840794890266015
0 91 0.42840794890266015
0 92 0.42840794890266015
0 93 0.42840794890266015
0 94 0.42840794890266015
0 95 0.42840794890266015
0 96 0.42840794890266015
0 97 0.42840794890266015
0 98 0.42840794890266015
0 99 0.42840794890266015
0 100 0.42840794890266015
0 101 0.4219119538641086
0 102 0.4219119538641086
0 103 0.4219119538641086
0 104 0.4219119538641086
0 105 0.4219119538641086
0 106 0.4219119538641086
0 107 0.4219119538641086
0 108 0.4219119538641086
0 109 0.4219119538641086
0 110 0.4219119538641086
0 111 0.4219119538641086
0 112 0.4219119538641086
0 113 0.4219119538641086
0 114 0.4219119538641086
0 115 0.8172120830530601
0 116 0.7688389527172522
0 117 0.7720317123035456
0 118 0.8009410813150348
0 119 0.7912705158950339
0 120 0.7891500645056546
1 0 0.9996571748106001
1 1 1.0
1 2 0.9643092368025231
1 3 0.9996780290802906
1 4 0.9997777370103109
1 5 0.9992819172633354
1 6 0.9997463774434375
1 7 0.9998112826217826
1 8 0.9996548537524395
1 9 0.9993859139906761
1 10 0.9993013046363407
1 11 0.9985758212665095
1 12 0.9985758212665095
1 13 0.9994880699570149
1 14 0.9995381665429441
1 15 0.9995994912211789
1 16 0.9996498271914301
1 17 0.9996174703724813
1 18 0.9996177115599411
1 19 0.9995918794941994
1 20 0.9995827509279653
1 21 0.9995314538120085
1 22 0.9996068492122299
1 23 0.9996344914891795
1 24 0.9996014822631649
1 25 0.9995992396278935
1 26 0.9997348186118812
1 27 0.999567962716067
1 28 0.9996145716340725
1 29 0.9996748563506571
1 30 0.9996471182066354
1 31 0.9991398797991572
1 32 0.9992695484289932
1 33 0.9996021594228158
1 34 0.999643835233932
1 35 0.999653249957493
1 36 0.9995060093616859
1 37 0.99945163744748
1 38 0.9995615305692876
1 39 0.9996473340691898
1 40 0.9994880699570149
1 41 0.9995173706533648
1 42 0.9996224273325428
1 43 0.9997522788556398
1 44 0.9995604629341417
1 45 0.9997507051108796
1 46 0.9997260226331603
1 47 0.9995120386623866
1 48 0.9996757010235428
1 49 0.9996249101452331
1 50 0.8019090127318851
1 51 0.7689353940299627
1 52 0.7708494925389426
1 53 0.7618337199314674
1 54 0.7651855908621624
1 55 0.767114336713871
1 56 0.7852488409218871
1 57 0.7473727788083252
1 58 0.7887599297362647
1 59 0.42146291983154605
1 60 0.7768372338590638
1 61 0.7379876024513543
1 62 0.7373439366502245
1 63 0.42146291983154605
1 64 0.42146291983154605
1 65 0.42146291983154605
1 66 0.5685736930321726
1 67 0.7687348699991112
1 68 0.752136350084053
1 69 0.7750774175155942
1 70 0.7586105436624219
1 71 0.764872175259478
1 72 0.7470692840979236
1 73 0.7767073752254151
1 74 0.8008512482553743
1 75 0.7408753839506911
1 76 0.7823667266799631
1 77 0.7470595005244207
1 78 0.42146291983154605
1 79 0.815933406390788
1 80 0.42146291983154605
1 81 0.42146291983154605
1 82 0.42146291983154605
1 83 0.42146291983154605
1 84 0.7913472358318848
1 85 0.42146291983154605
1 86 0.42146291983154605
1 87 0.42146291983154605
1 88 0.7970864877480591
1 89 0.4279599461255925
1 90 0.4279599461255925
1 91 0.4279599461255925
1 92 0.4279599461255925
1 93 0.4279599461255925
1 94 0.4279599461255925
1 95 0.4279599461255925
1 96 0.4279599461255925
1 97 0.4279599461255925
1 98 0.4279599461255925
1 99 0.4279599461255925
1 100 0.4279599461255925
1 101 0.42146291983154605
1 102 0.42146291983154605
1 103 0.42146291983154605
1 104 0.42146291983154605
1 105 0.42146291983154605
1 106 0.42146291983154605
1 107 0.42146291983154605
1 108 0.42146291983154605
1 109 0.42146291983154605
1 110 0.42146291983154605
1 111 0.42146291983154605
1 112 0.42146291983154605
1 113 0.42146291983154605
1 114 0.42146291983154605
1 115 0.8164889596483277
1 116 0.7680275167180375
1 117 0.7712189863649773
1 118 0.8002060122793198
1 119 0.7904872580563365
1 120 0.7885063164062409
2 0 0.9642413958020134
2 1 0.9643092368025231
2 2 0.9999999999999999
2 3 0.9649186554745959
2 4 0.9640189220834087
2 5 0.9659140951093182
2 6 0.9650333449158821
2 7 0.9643841142693362
2 8 0.9642687741409687
2 9 0.9658030526452112
2 10 0.9653320114689552
2 11 0.9647381741506551
2 12 0.9647381741506551
2 13 0.9655717288448685
2 14 0.965295126416507
2 15 0.9649733437514925
2 16 0.9641073106845208
2 17 0.964721644655436
2 18 0.9642137614667609
2 19 0.9647125713865933
2 20 0.9649244835021193
2 21 0.9642611512860301
2 22 0.9633167020112035
2 23 0.9642944880486309
2 24 0.9647351651471656
2 25 0.9643990883563184
2 26 0.9630763052890554
2 27 0.96426201538493
2 28 0.9641780234042621
2 29 0.9645540827351051
2 30 0.9642100810590251
2 31 0.9664113005066348
2 32 0.9648961523409337
2 33 0.9647510532078488
2 34 0.9645452417588093
2 35 0.9641814194641045
2 36 0.9647510765071716
2 37 0.9665467044738203
2 38 0.9649388062205567
2 39 0.965956088110193
2 40 0.9655717288448685
2 41 0.9658724687058665
2 42 0.9646442122083894
2 43 0.9640044987462394
2 44 0.9646615353168295
2 45 0.9646045632825964
2 46 0.9646548707187513
2 47 0.9656423135315856
2 48 0.9653238869423212
2 49 0.9643969457355656
2 50 0.8741975943614494
2 51 0.848595468839364
2 52 0.8538463078621552
2 53 0.8490502970419291
2 54 0.8485404767674078
2 55 0.8494158722655336
2 56 0.8644704039370987
2 57 0.8244194806529427
2 58 0.8704841087554194
2 59 0.5194603355878079
2 60 0.8571586916452796
2 61 0.8152690246451052
2 62 0.8174332526519968
2 63 0.5194603355878079
2 64 0.5194603355878079
2 65 0.5194603355878079
2 66 0.6689974915594352
2 67 0.8525766713680795
2 68 0.8369378024859102
2 69 0.8562589917955337
2 70 0.8481871690952176
2 71 0.8468051726573376
2 72 0.8327745103441617
2 73 0.8574082975271113
2 74 0.8790200502107879
2 75 0.8186026020961019
2 76 0.8576819253885276
2 77 0.8241807291753904
2 78 0.5194603355878079
2 79 0.8879725046263757
2 80 0.5194603355878079
2 81 0.5194603355878079
2 82 0.5194603355878079
2 83 0.5194603355878079
2 84 0.8704399496238222
2 85 0.5194603355878079
2 86 0.5194603355878079
2 87 0.5194603355878079
2 88 0.8748642906498324
2 89 0.5256483739676797
2 90 0.5256483739676797
2 91 0.5256483739676797
2 92 0.5256483739676797
2 93 0.5256483739676797
2 94 0.5256483739676797
2 95 0.5256483739676797
2 96 0.5256483739676797
2 97 0.5256483739676797
2 98 0.5256483739676797
2 99 0.5256483739676797
2 100 0.5256483739676797
2 101 0.5194603355878079
2 102 0.5194603355878079
2 103 0.5194603355878079
2 104 0.5194603355878079
2 105 0.5194603355878079
2 106 0.5194603355878079
2 107 0.5194603355878079
2 108 0.5194603355878079
2 109 0.5194603355878079
2 110 0.5194603355878079
2 111 0.5194603355878079
2 112 0.5194603355878079
2 113 0.5194603355878079
2 114 0.5194603355878079
2 115 0.8905995358998682
2 116 0.8450432548814447
2 117 0.8473797437329277
2 118 0.8778090101530815
2 119 0.8717129709947271
2 120 0.8666224736615447
3 0 0.9995172584776537
3 1 0.9996780290802906
3 2 0.9649186554745959
3 3 1.0
3 4 0.9997109679195341
3 5 0.9992049159504348
3 6 0.9996636128389867
3 7 0.9997818839713224
3 8 0.9995494230675835
3 9 0.9992944275305357
3 10 0.9992110158594143
3 11 0.9985791583848211
3 12 0.9985791583848211
3 13 0.9993697743282807
3 14 0.9994293828837003
3 15 0.9995081974090807
3 16 0.9995776828079271
3 17 0.9994956439819938
3 18 0.9995418995161349
3 19 0.9994827765739815
3 20 0.9994851227004603
3 21 0.9994297510708223
3 22 0.9994854832830512
3 23 0.999454342544007
3 24 0.9995435533616124
3 25 0.9994927942265767
3 26 0.9996005127214481
3 27 0.9994731905079376
3 28 0.9995099308689704
3 29 0.999608194490711
3 30 0.9995423215100783
3 31 0.9990049678921098
3 32 0.9991900764896977
3 33 0.9995364685459842
3 34 0.9995443842386693
3 35 0.9996096480033173
3 36 0.9994148899005925
3 37 0.9994112047761621
3 38 0.9994778462266157
3 39 0.9995692838529484
3 40 0.9993697743282807
3 41 0.9994832247805057
3 42 0.9996647660291571
3 43 0.9997239028770142
3 44 0.9996070961449343
3 45 0.99968125276809
3 46 0.9996783783229859
3 47 0.9994506381194257
3 48 0.9994921644199475
3 49 0.99950868431003
3 50 0.8032907032429134
3 51 0.7704458522763209
3 52 0.7724700816792728
3 53 0.7634739017645176
3 54 0.7667643318613636
3 55 0.7686973333362945
3 56 0.7873428932530532
3 57 0.7479276246431942
3 58 0.7902776279569127
3 59 0.4231847040250387
3 60 0.7784172137913511
3 61 0.7394250152705305
3 62 0.7388522222512598
3 63 0.4231847040250387
3 64 0.4231847040250387
3 65 0.4231847040250387
3 66 0.5703859460393244
3 67 0.7703437183173331
3 68 0.7537092220136706
3 69 0.7766887521068526
3 70 0.7607168098862187
3 71 0.7663958056874574
3 72 0.7486842128516317
3 73 0.7782928123960042
3 74 0.8023570519381246
3 75 0.7423224891534479
3 76 0.7832980827448424
3 77 0.7476126873383854
3 78 0.4231847040250387
3 79 0.8172864881787167
3 80 0.4231847040250387
3 81 0.4231847040250387
3 82 0.4231847040250387
3 83 0.4231847040250387
3 84 0.7928240901183781
3 85 0.4231847040250387
3 86 0.4231847040250387
3 87 0.4231847040250387
3 88 0.7985545908391977
3 89 0.4296789454860332
3 90 0.4296789454860332
3 91 0.4296789454860332
3 92 0.4296789454860332
3 93 0.4296789454860332
3 94 0.4296789454860332
3 95 0.4296789454860332
3 96 0.4296789454860332
3 97 0.4296789454860332
3 98 0.4296789454860332
3 99 0.4296789454860332
3 100 0.4296789454860332
3 101 0.4231847040250387
3 102 0.4231847040250387
3 103 0.4231847040250387
3 104 0.4231847040250387
3 105 0.4231847040250387
3 106 0.4231847040250387
3 107 0.4231847040250387
3 108 0.4231847040250387
3 109 0.4231847040250387
3 110 0.4231847040250387
3 111 0.4231847040250387
3 112 0.4231847040250387
3 113 0.4231847040250387
3 114 0.4231847040250387
3 115 0.8178712917250376
3 116 0.7704549683057376
3 117 0.7736722274339791
3 118 0.801645209001029
3 119 0.7920109512937384
3 120 0.7898234568105387
4 0 0.9996904494792684
4 1 0.9997777370103109
4 2 0.9640189220834087
4 3 0.9997109679195341
4 4 1.0
4 5 0.999289508791745
4 6 0.9997972650823265
4 7 0.9998786403115375
4 8 0.999756610597125
4 9 0.9994039048077856
4 10 0.9993235800820268
4 11 0.9985140267592719
4 12 0.9985140267592719
4 13 0.999488455983703
4 14 0.9995803534366344
4 15 0.9996507658154015
4 16 0.9997265675764948
4 17 0.9996323289915542
4 18 0.9997225546630506
4 19 0.999678625573815
4 20 0.999628745401043
4 21 0.9996358939862215
4 22 0.9997389443629301
4 23 0.9996199110412551
4 24 0.999648439520897
4 25 0.9996970261259527
4 26 0.9998493066836918
4 27 0.9996896052068639
4 28 0.9997101608851707
4 29 0.9997409759585739
4 30 0.9997183670712655
4 31 0.9990333269716225
4 32 0.9993014886288005
4 33 0.9996554865061579
4 34 0.9997061705278987
4 35 0.9997267318039501
4 36 0.9995768648464014
4 37 0.9994234646863462
4 38 0.9996379989100478
4 39 0.9995998994968049
4 40 0.999488455983703
4 41 0.9994844455092312
4 42 0.9996823517412077
4 43 0.9998463975029883
4 44 0.9995878389299431
4 45 0.9996962712360872
4 46 0.9997276702679576
4 47 0.9995511391652424
4 48 0.9996376754440972
4 49 0.999724936524262
4 50 0.8001283269189324
4 51 0.7670238262018179
4 52 0.7688642426342
4 53 0.7597527486863481
4 54 0.7631991500418317
4 55 0.7651301473876362
4 56 0.7832992787125392
4 57 0.7443514366894144
4 58 0.7868359262881988
4 59 0.41940699665608167
4 60 0.7748975456161628
4 61 0.7361532222168023
4 62 0.7354464054653239
4 63 0.41940699665608167
4 64 0.41940699665608167
4 65 0.41940699665608167
4 66 0.5663831684017074
4 67 0.7666883930751243
4 68 0.7501505358019125
4 69 0.7731140510644485
4 70 0.7564923101794999
4 71 0.7629191800818947
4 72 0.7450757197787803
4 73 0.7747426144167846
4 74 0.7990002367962343
4 75 0.7390310002670031
4 76 0.7799643510569518
4 77 0.7440375716551008
4 78 0.41940699665608167
4 79 0.8142070527233985
4 80 0.41940699665608167
4 81 0.41940699665608167
4 82 0.41940699665608167
4 83 0.41940699665608167
4 84 0.789470279260315
4 85 0.41940699665608167
4 86 0.41940699665608167
4 87 0.41940699665608167
4 88 0.795205711954213
4 89 0.4259057818374052
4 90 0.4259057818374052
4 91 0.4259057818374052
4 92 0.4259057818374052
4 93 0.4259057818374052
4 94 0.4259057818374052
4 95 0.4259057818374052
4 96 0.4259057818374052
4 97 0.4259057818374052
4 98 0.4259057818374052
4 99 0.4259057818374052
4 100 0.4259057818374052
4 101 0.41940699665608167
4 102 0.41940699665608167
4 103 0.41940699665608167
4 104 0.41940699665608167
4 105 0.41940699665608167
4 106 0.41940699665608167
4 107 0.41940699665608167
4 108 0.41940699665608167
4 109 0.41940699665608167
4 110 0.41940699665608167
4 111 0.41940699665608167
4 112 0.41940699665608167
4 113 0.41940699665608167
4 114 0.41940699665608167
4 115 0.8147011317768179
4 116 0.7661839721178451
4 117 0.7693903354494575
4 118 0.7983378991305262
4 119 0.7885783908988957
4 120 0.7861835002565916
5 0 0.9993748745805425
5 1 0.9992819172633354
5 2 0.9659140951093182
5 3 0.9992049159504348
5 4 0.999289508791745
5 5 0.9999999999999999
5 6 0.9992982347045483
5 7 0.9992642957141538
5 8 0.9994250367395477
5 9 0.9993510666068869
5 10 0.9993915760209122
5 11 0.9988310002718083
5 12 0.9988310002718083
5 13 0.9993327979768807
5 14 0.9992730728193946
5 15 0.9993510209994588
5 16 0.9993810849776323
5 17 0.9994733972806876
5 18 0.999405941012223
5 19 0.9993646863445115
5 20 0.9994352325548724
5 21 0.9995662375823452
5 22 0.9994990060154252
5 23 0.9993902239721805
5 24 0.9994252118147731
5 25 0.999400169943124
5 26 0.9993301517064473
5 27 0.9993895254959201
5 28 0.9994104694293339
5 29 0.9993643449779843
5 30 0.9994360570866077
5 31 0.9992075243118065
5 32 0.9993745868631546
5 33 0.9994306621424531
5 34 0.9993628411495087
5 35 0.9993795716361262
5 36 0.999329549534148
5 37 0.9992148105849497
5 38 0.9994173312674223
5 39 0.9991993114519973
5 40 0.9993327979768807
5 41 0.9991263773887837
5 42 0.9992001963389031
5 43 0.9992903259467149
5 44 0.9992240536195567
5 45 0.9992376551722475
5 46 0.9993468281355598
5 47 0.9993113306322849
5 48 0.999305503338128
5 49 0.9994515048250795
5 50 0.8085032200001836
5 51 0.7761002947485848
5 52 0.778202238489304
5 53 0.7692559453038121
5 54 0.7725355143906588
5 55 0.7747926851921144
5 56 0.7929852316253911
5 57 0.7535011456160794
5 58 0.7956934847711858
5 59 0.4272220660388172
5 60 0.7841377557739292
5 61 0.7446848286729958
5 62 0.7442340447327803
5 63 0.4272220660388172
5 64 0.4272220660388172
5 65 0.4272220660388172
5 66 0.575297569341564
5 67 0.7760891461127546
5 68 0.7597343365160644
5 69 0.7824113913922456
5 70 0.7661234803848963
5 71 0.7724816677215908
5 72 0.7545871159894101
5 73 0.784377133627111
5 74 0.807634900898425
5 75 0.7476209280067303
5 76 0.7887113092495975
5 77 0.7531843425996354
5 78 0.4272220660388172
5 79 0.822488812160862
5 80 0.4272220660388172
5 81 0.4272220660388172
5 82 0.4272220660388172
5 83 0.4272220660388172
5 84 0.7982634373874583
5 85 0.4272220660388172
5 86 0.4272220660388172
5 87 0.4272220660388172
5 88 0.8039173267171883
5 89 0.433743690452271
5 90 0.433743690452271
5 91 0.433743690452271
5 92 0.433743690452271
5 93 0.433743690452271
5 94 0.433743690452271
5 95 0.433743690452271
5 96 0.433743690452271
5 97 0.433743690452271
5 98 0.433743690452271
5 99 0.433743690452271
5 100 0.433743690452271
5 101 0.4272220660388172
5 102 0.4272220660388172
5 103 0.4272220660388172
5 104 0.4272220660388172
5 105 0.4272220660388172
5 106 0.4272220660388172
5 107 0.4272220660388172
5 108 0.4272220660388172
5 109 0.4272220660388172
5 110 0.4272220660388172
5 111 0.4272220660388172
5 112 0.4272220660388172
5 113 0.4272220660388172
5 114 0.4272220660388172
5 115 0.8229808692360115
5 116 0.7749301611430462
5 117 0.7780784677536279
5 118 0.8069447843180172
5 119 0.7978416225607269
5 120 0.7960436082694519
6 0 0.9997018315304949
6 1 0.9997463774434375
6 2 0.9650333449158821
6 3 0.9996636128389867
6 4 0.9997972650823265
6 5 0.9992982347045483
6 6 1.0
6 7 0.9997935851900304
6 8 0.9996937649925002
6 9 0.9994299291733474
6 10 0.999357465846095
6 11 0.9985973220723438
6 12 0.9985973220723438
6 13 0.9994696136760148
6 14 0.9995738219040454
6 15 0.999610802844418
6 16 0.9996538277065049
6 17 0.9996139509236731
6 18 0.9996586094762651
6 19 0.9996357302908495
6 20 0.999623316390969
6 21 0.9995802942010755
6 22 0.9996543781513031
6 23 0.9996126206394773
6 24 0.9995988262739431
6 25 0.9996408923165628
6 26 0.9997550514368293
6 27 0.999576209534418
6 28 0.9996864045431357
6 29 0.9996752447943414
6 30 0.9996857309774365
6 31 0.9991132671638218
6 32 0.9993572320354028
6 33 0.9996715332646778
6 34 0.9996539369139033
6 35 0.9996972463821092
6 36 0.9995158924119324
6 37 0.9994064191974863
6 38 0.99956540203021
6 39 0.9995850596138263
6 40 0.9994696136760148
6 41 0.9994677196464984
6 42 0.9995857887289169
6 43 0.9997729421788875
6 44 0.9995926911175158
6 45 0.999679996712499
6 46 0.9996832181028011
6 47 0.9995735308589425
6 48 0.9996022414672235
6 49 0.9996625514234331
6 50 0.8031681292882829
6 51 0.7702707298921413
6 52 0.7721785728887128
6 53 0.7631285419302315
6 54 0.7663466595365693
6 55 0.7682929523736408
6 56 0.78650105927342
6 57 0.7473859050668408
6 58 0.791968850360433
6 59 0.4233484030346141
6 60 0.7782199265745504
6 61 0.7391289750269519
6 62 0.7385490646109457
6 63 0.4233484030346141
6 64 0.4233484030346141
6 65 0.4233484030346141
6 66 0.5703224902976098
6 67 0.769990247494386
6 68 0.7533965889458722
6 69 0.7764200413057027
6 70 0.7597606546483515
6 71 0.7660262387676557
6 72 0.7483018948686445
6 73 0.7780364048861037
6 74 0.8021112691295067
6 75 0.7420271162543766
6 76 0.7830181825317554
6 77 0.7470696406270868
6 78 0.4233484030346141
6 79 0.8172724195641021
6 80 0.4233484030346141
6 81 0.4233484030346141
6 82 0.4233484030346141
6 83 0.4233484030346141
6 84 0.7927044002419802
6 85 0.4233484030346141
6 86 0.4233484030346141
6 87 0.4233484030346141
6 88 0.7983628202935049
6 89 0.4301010125731228
6 90 0.4301010125731228
6 91 0.4301010125731228
6 92 0.4301010125731228
6 93 0.4301010125731228
6 94 0.4301010125731228
6 95 0.4301010125731228
6 96 0.4301010125731228
6 97 0.4301010125731228
6 98 0.4301010125731228
6 99 0.4301010125731228
6 100 0.4301010125731228
6 101 0.4233484030346141
6 102 0.4233484030346141
6 103 0.4233484030346141
6 104 0.4233484030346141
6 105 0.4233484030346141
6 106 0.4233484030346141
6 107 0.4233484030346141
6 108 0.4233484030346141
6 109 0.4233484030346141
6 110 0.4233484030346141
6 111 0.4233484030346141
6 112 0.4233484030346141
6 113 0.4233484030346141
6 114 0.4233484030346141
6 115 0.8176404658925307
6 116 0.7692967403330714
6 117 0.7724846753350101
6 118 0.801556770258947
6 119 0.7918529003754154
6 120 0.7893599387617523
7 0 0.9996952739749457
7 1 0.9998112826217826
7 2 0.9643841142693362
7 3 0.9997818839713224
7 4 0.9998786403115375
7 5 0.9992642957141538
7 6 0.9997935851900304
7 7 1.0
7 8 0.9997466969146135
7 9 0.9994094262244154
7 10 0.9993308188286248
7 11 0.9985981410985738
7 12 0.9985981410985738
7 13 0.9994935304541144
7 14 0.9995881236418211
7 15 0.9996634401697377
7 16 0.9997265822956908
7 17 0.9996646174372372
7 18 0.9997233357392217
7 19 0.9996503539015289
7 20 0.9996308402843797
7 21 0.9995916519075777
7 22 0.9996947722377054
7 23 0.9996301310971848
7 24 0.9996859976413032
7 25 0.9996653107690037
7 26 0.9998336011969587
7 27 0.9996646102432503
7 28 0.9996806355506549
7 29 0.999801197474022
7 30 0.999714553950935
7 31 0.9990987606833767
7 32 0.9993135905493564
7 33 0.9996549565972875
7 34 0.9997142668702671
7 35 0.9997835660488593
7 36 0.9995973591107548
7 37 0.9994797873620876
7 38 0.9996397019508536
7 39 0.9996469892296896
7 40 0.9994935304541144
7 41 0.9995014232288851
7 42 0.999634504758311
7 43 0.9998132992727414
7 44 0.9995657404120508
7 45 0.9997265877465643
7 46 0.9997350064590234
7 47 0.9995239129426849
7 48 0.9996147282550226
7 49 0.9996826316652059
7 50 0.8009560152817035
7 51 0.7679384615463731
7 52 0.7697801790502034
7 53 0.7606400242173044
7 54 0.7644935152380967
7 55 0.7663940952473517
7 56 0.7844673206506647
7 57 0.7451670552015697
7 58 0.7876594688797451
7 59 0.4197380362684216
7 60 0.7758313040877844
7 61 0.7369572524144002
7 62 0.7362730843004485
7 63 0.4197380362684216
7 64 0.4197380362684216
7 65 0.4197380362684216
7 66 0.5669322375524606
7 67 0.7676035611985919
7 68 0.7509732683910205
7 69 0.77405805650548
7 70 0.7573797127366745
7 71 0.763748615602513
7 72 0.7459218029058569
7 73 0.7756628088616914
7 74 0.7998214516326883
7 75 0.7398414340987512
7 76 0.7807763800481682
7 77 0.7448518480709619
7 78 0.4197380362684216
7 79 0.8150443717979888
7 80 0.4197380362684216
7 81 0.4197380362684216
7 82 0.4197380362684216
7 83 0.4197380362684216
7 84 0.790316628932259
7 85 0.4197380362684216
7 86 0.4197380362684216
7 87 0.4197380362684216
7 88 0.7960570288274195
7 89 0.426247319713617
7 90 0.426247319713617
7 91 0.426247319713617
7 92 0.426247319713617
7 93 0.426247319713617
7 94 0.426247319713617
7 95 0.426247319713617
7 96 0.426247319713617
7 97 0.426247319713617
7 98 0.426247319713617
7 99 0.426247319713617
7 100 0.426247319713617
7 101 0.4197380362684216
7 102 0.4197380362684216
7 103 0.4197380362684216
7 104 0.4197380362684216
7 105 0.4197380362684216
7 106 0.4197380362684216
7 107 0.4197380362684216
7 108 0.4197380362684216
7 109 0.4197380362684216
7 110 0.4197380362684216
7 111 0.4197380362684216
7 112 0.4197380362684216
7 113 0.4197380362684216
7 114 0.4197380362684216
7 115 0.8154928442963123
7 116 0.7670579764890368
7 117 0.7702704901953134
7 118 0.799166263107561
7 119 0.7893895621821835
7 120 0.7870725153292213
8 0 0.9997463762974033
8 1 0.9996548537524395
8 2 0.9642687741409687
8 3 0.9995494230675835
8 4 0.999756610597125
8 5 0.9994250367395477
8 6 0.9996937649925002
8 7 0.9997466969146135
8 8 1.0
8 9 0.99954666970478
8 10 0.9994732767982376
8 11 0.998757699546104
8 12 0.998757699546104
8 13 0.9995327867167988
8 14 0.9996529817147206
8 15 0.9996818830700301
8 16 0.9997283017442318
8 17 0.9996969753265681
8 18 0.9997461444506633
8 19 0.9997297670526553
8 20 0.9997014204591513
8 21 0.9997226581130624
8 22 0.9997969405420227
8 23 0.999690536784163
8 24 0.9996741285323911
8 25 0.9997506556204638
8 26 0.9998356834639827
8 27 0.999685085604571
8 28 0.9997612770188429
8 29 0.9997480794088142
8 30 0.9997658904873955
8 31 0.999234829044012
8 32 0.9994899724907653
8 33 0.9997136930558017
8 34 0.9997279969750615
8 35 0.9997683794763927
8 36 0.99959707374198
8 37 0.9994376410562211
8 38 0.9996716403440525
8 39 0.9994794374555275
8 40 0.9995327867167988
8 41 0.9994248440861054
8 42 0.9995007813149099
8 43 0.9997211219492411
8 44 0.9995180342440517
8 45 0.9995684560990863
8 46 0.999620807211323
8 47 0.9994874411701326
8 48 0.9995524746581053
8 49 0.9997716828805125
8 50 0.8031703761237448
8 51 0.7713703792609106
8 52 0.7714189494721028
8 53 0.7629632400039646
8 54 0.7663050672145358
8 55 0.7678932998507478
8 56 0.7857729824080236
8 57 0.7469360316850383
8 58 0.7891612252185458
8 59 0.4208815193904043
8 60 0.7774674953872204
8 61 0.7384257781274064
8 62 0.737802413070119
8 63 0.4208815193904043
8 64 0.4208815193904043
8 65 0.4208815193904043
8 66 0.5683291805708097
8 67 0.7692529963699385
8 68 0.7525326186600116
8 69 0.7756957241269687
8 70 0.7590079329238962
8 71 0.7652675170590892
8 72 0.7474879269340823
8 73 0.7773177379287992
8 74 0.8012963645396357
8 75 0.7413198752608077
8 76 0.782383039174961
8 77 0.7466177815714473
8 78 0.4208815193904043
8 79 0.816507337679174
8 80 0.4208815193904043
8 81 0.4208815193904043
8 82 0.4208815193904043
8 83 0.4208815193904043
8 84 0.7918502735957644
8 85 0.4208815193904043
8 86 0.4208815193904043
8 87 0.4208815193904043
8 88 0.7975563429918237
8 89 0.4273970394606133
8 90 0.4273970394606133
8 91 0.4273970394606133
8 92 0.4273970394606133
8 93 0.4273970394606133
8 94 0.4273970394606133
8 95 0.4273970394606133
8 96 0.4273970394606133
8 97 0.4273970394606133
8 98 0.4273970394606133
8 99 0.4273970394606133
8 100 0.4273970394606133
8 101 0.4208815193904043
8 102 0.4208815193904043
8 103 0.4208815193904043
8 104 0.4208815193904043
8 105 0.4208815193904043
8 106 0.4208815193904043
8 107 0.4208815193904043
8 108 0.4208815193904043
8 109 0.4208815193904043
8 110 0.4208815193904043
8 111 0.4208815193904043
8 112 0.4208815193904043
8 113 0.4208815193904043
8 114 0.4208815193904043
8 115 0.8169133369762995
8 116 0.7685705187276358
8 117 0.7717689827971861
8 118 0.8006912017480308
8 119 0.7908940505170626
8 120 0.7886613216310533
9 0 0.9994906500178575
9 1 0.9993859139906761
9 2 0.9658030526452112
9 3 0.9992944275305357
9 4 0.9994039048077856
9 5 0.9993510666068869
9 6 0.9994299291733474
9 7 0.9994094262244154
9 8 0.99954666970478
9 9 0.9999999999999999
9 10 0.9994830227516549
9 11 0.998596536445915
9 12 0.998596536445915
9 13 0.9993625716616015
9 14 0.9995661426731043
9 15 0.9994570259168506
9 16 0.9994582304819173
9 17 0.9995090707249766
9 18 0.9995043720306548
9 19 0.9996110409534246
9 20 0.9995314259525738
9 21 0.9994395341607937
9 22 0.9994445722239769
9 23 0.9994605469770341
9 24 0.9994378883563267
9 25 0.9995022262615445
9 26 0.9994697835167973
9 27 0.9994464851642939
9 28 0.9994757682484938
9 29 0.9994809031668903
9 30 0.9995049629950212
9 31 0.9992220985978043
9 32 0.9992719549413346
9 33 0.9994909622241069
9 34 0.9994823169138212
9 35 0.9995318701906027
9 36 0.9994291257997283
9 37 0.9993561474970677
9 38 0.9994264487699643
9 39 0.9993052278599741
9 40 0.9993625716616015
9 41 0.9992594361981725
9 42 0.9992755052466911
9 43 0.9994154790423067
9 44 0.9992404273935862
9 45 0.9993554595302134
9 46 0.9994232049734075
9 47 0.9994280069097067
9 48 0.9994907835996729
9 49 0.9996356986717624
9 50 0.8075315568657417
9 51 0.7757021550574278
9 52 0.7768637784311331
9 53 0.7684879357506639
9 54 0.7714149156801052
9 55 0.7732905527195397
9 56 0.7918492898731772
9 57 0.7523642473872552
9 58 0.7942615393828013
9 59 0.4259312287874853
9 60 0.7828234713139895
9 61 0.743346269583165
9 62 0.7428527379704338
9 63 0.4259312287874853
9 64 0.4259312287874853
9 65 0.4259312287874853
9 66 0.5738851219544273
9 67 0.7747431177623707
9 68 0.7577689818538899
9 69 0.7810464580708117
9 70 0.7650532048312072
9 71 0.7703968529162223
9 72 0.7528179846477872
9 73 0.7830100295096647
9 74 0.8062363417523182
9 75 0.7462701449009213
9 76 0.7874358611806164
9 77 0.7520470572193738
9 78 0.4259312287874853
9 79 0.8211347196615156
9 80 0.4259312287874853
9 81 0.4259312287874853
9 82 0.4259312287874853
9 83 0.4259312287874853
9 84 0.7968618467725652
9 85 0.4259312287874853
9 86 0.4259312287874853
9 87 0.4259312287874853
9 88 0.8025701272932444
9 89 0.43245250892349185
9 90 0.43245250892349185
9 91 0.43245250892349185
9 92 0.43245250892349185
9 93 0.43245250892349185
9 94 0.43245250892349185
9 95 0.43245250892349185
9 96 0.43245250892349185
9 97 0.43245250892349185
9 98 0.43245250892349185
9 99 0.43245250892349185
9 100 0.43245250892349185
9 101 0.4259312287874853
9 102 0.4259312287874853
9 103 0.4259312287874853
9 104 0.4259312287874853
9 105 0.4259312287874853
9 106 0.4259312287874853
9 107 0.4259312287874853
9 108 0.4259312287874853
9 109 0.4259312287874853
9 110 0.4259312287874853
9 111 0.4259312287874853
9 112 0.4259312287874853
9 113 0.4259312287874853
9 114 0.4259312287874853
9 115 0.8216109572166082
9 116 0.7735854113959058
9 117 0.7767418096801777
9 118 0.8056026812384492
9 119 0.7959737728530105
9 120 0.7946417543336475
10 0 0.9994553492227743
10 1 0.9993013046363407
10 2 0.9653320114689552
10 3 0.9992110158594143
10 4 0.9993235800820268
10 5 0.9993915760209122
10 6 0.999357465846095
10 7 0.9993308188286248
10 8 0.9994732767982376
10 9 0.9994830227516549
10 10 1.0
10 11 0.9989111927562184
10 12 0.9989111927562184
10 13 0.9994019695368521
10 14 0.9995010538774299
10 15 0.9994169272781063
10 16 0.9994605227737408
10 17 0.9995309198748998
10 18 0.9995305857067551
10 19 0.9995998086870483
10 20 0.9995513767322922
10 21 0.9996381862538618
10 22 0.9995920708202449
10 23 0.9994564294012489
10 24 0.9994451417117918
10 25 0.999444896155088
10 26 0.9994487567424092
10 27 0.9994129596326147
10 28 0.9994414558034639
10 29 0.9994369163315384
10 30 0.9995180966617085
10 31 0.9991716607569023
10 32 0.9994744665208316
10 33 0.9995761494437762
10 34 0.9994723662848582
10 35 0.9994970890604202
10 36 0.9993508221866215
10 37 0.9992638080440968
10 38 0.9994259694824618
10 39 0.9992224544232955
10 40 0.9994019695368521
10 41 0.9991457324225009
10 42 0.9991886088903467
10 43 0.9993124359542579
10 44 0.999208153397571
10 45 0.9993161726378076
10 46 0.99931820430362
10 47 0.9992662746980353
10 48 0.9993624034308863
10 49 0.9996099938408258
10 50 0.8077946494386238
10 51 0.7748451337174305
10 52 0.7764922366466606
10 53 0.7675074188977321
10 54 0.771474078199298
10 55 0.7733675128169546
10 56 0.7912877243102998
10 57 0.7515496525076752
10 58 0.7940073336919606
10 59 0.42565650033374736
10 60 0.782453880756823
10 61 0.744255859725552
10 62 0.7436500355314096
10 63 0.42565650033374736
10 64 0.42565650033374736
10 65 0.42565650033374736
10 66 0.5735617036689084
10 67 0.7743630115688714
10 68 0.757678732843721
10 69 0.7807023175514428
10 70 0.7647386251685551
10 71 0.770502127403074
10 72 0.7526832440434555
10 73 0.7822986848167742
10 74 0.8059915139094361
10 75 0.747155054552109
10 76 0.7869121132958619
10 77 0.7512360397596726
10 78 0.42565650033374736
10 79 0.8208815564519286
10 80 0.42565650033374736
10 81 0.42565650033374736
10 82 0.42565650033374736
10 83 0.42565650033374736
10 84 0.7965852437558948
10 85 0.42565650033374736
10 86 0.42565650033374736
10 87 0.42565650033374736
10 88 0.8022814537599923
10 89 0.4321758404140332
10 90 0.4321758404140332
10 91 0.4321758404140332
10 92 0.4321758404140332
10 93 0.4321758404140332
10 94 0.4321758404140332
10 95 0.4321758404140332
10 96 0.4321758404140332
10 97 0.4321758404140332
10 98 0.4321758404140332
10 99 0.4321758404140332
10 100 0.4321758404140332
10 101 0.42565650033374736
10 102 0.42565650033374736
10 103 0.42565650033374736
10 104 0.42565650033374736
10 105 0.42565650033374736
10 106 0.42565650033374736
10 107 0.42565650033374736
10 108 0.42565650033374736
10 109 0.42565650033374736
10 110 0.42565650033374736
10 111 0.42565650033374736
10 112 0.42565650033374736
10 113 0.42565650033374736
10 114 0.42565650033374736
10 115 0.8217655355755583
10 116 0.7732903330191164
10 117 0.7764529977629431
10 118 0.8053054066206984
10 119 0.7961227806210134
10 120 0.7945492088913452
11 0 0.9987039618834611
11 1 0.9985758212665095
11 2 0.9647381741506551
11 3 0.9985791583848211
11 4 0.9985140267592719
11 5 0.9988310002718083
11 6 0.9985973220723438
11 7 0.9985981410985738
11 8 0.998757699546104
11 9 0.998596536445915
11 10 0.9989111927562184
11 11 1.0
11 12 1.0
11 13 0.9985340622890366
11 14 0.998622012754875
11 15 0.9986876459187977
11 16 0.9987024712919675
11 17 0.9989497510631997
11 18 0.9988074824996815
11 19 0.9986825587299989
11 20 0.9987832219948651
11 21 0.9990107358835633
11 22 0.9989175310442263
11 23 0.9986698696994484
11 24 0.9989032029739277
11 25 0.9986705865982157
11 26 0.9986241494317026
11 27 0.9987229565688859
11 28 0.9987385897545586
11 29 0.9987443692580071
11 30 0.9987736051509699
11 31 0.9985196683490403
11 32 0.9991892478137613
11 33 0.9987795338700375
11 34 0.9987415989627663
11 35 0.9987022936763699
11 36 0.9986851657057687
11 37 0.9985943203617008
11 38 0.9987666226943299
11 39 0.998550095622555
11 40 0.9985340622890366
11 41 0.9983663732941581
11 42 0.9984580425934247
11 43 0.9985797222247822
11 44 0.9986197442647569
11 45 0.9985904670673716
11 46 0.9985693731668669
11 47 0.998602480628973
11 48 0.9985420668403467
11 49 0.9987228644962162
11 50 0.8089842140722739
11 51 0.7764638068567532
11 52 0.7785682048403978
11 53 0.7696978242212885
11 54 0.7728359143581156
11 55 0.775144927230177
11 56 0.7932517092553268
11 57 0.7533246912123001
11 58 0.7959558316146816
11 59 0.42852960269487067
11 60 0.7844358133503953
11 61 0.745089933492918
11 62 0.7449218243014892
11 63 0.42852960269487067
11 64 0.42852960269487067
11 65 0.42852960269487067
11 66 0.5763818037553405
11 67 0.7765070708033901
11 68 0.7603750819323917
11 69 0.7834195866232058
11 70 0.7675189841146102
11 71 0.7728634329441626
11 72 0.7550503159520244
11 73 0.7846996890378988
11 74 0.8082289931788864
11 75 0.7480107847197388
11 76 0.7885714576106392
11 77 0.75300331569675
11 78 0.42852960269487067
11 79 0.8224309179103735
11 80 0.42852960269487067
11 81 0.42852960269487067
11 82 0.42852960269487067
11 83 0.42852960269487067
11 84 0.798458155541643
11 85 0.42852960269487067
11 86 0.42852960269487067
11 87 0.42852960269487067
11 88 0.8040845840589333
11 89 0.4350334983811408
11 90 0.4350334983811408
11 91 0.4350334983811408
11 92 0.4350334983811408
11 93 0.4350334983811408
11 94 0.4350334983811408
11 95 0.4350334983811408
11 96 0.4350334983811408
11 97 0.4350334983811408
11 98 0.4350334983811408
11 99 0.4350334983811408
11 100 0.4350334983811408
11 101 0.42852960269487067
11 102 0.42852960269487067
11 103 0.42852960269487067
11 104 0.42852960269487067
11 105 0.42852960269487067
11 106 0.42852960269487067
11 107 0.42852960269487067
11 108 0.42852960269487067
11 109 0.42852960269487067
11 110 0.42852960269487067
11 111 0.42852960269487067
11 112 0.42852960269487067
11 113 0.42852960269487067
11 114 0.42852960269487067
11 115 0.8234321555096569
11 116 0.7760796290596214
11 117 0.7793036856954025
11 118 0.8070428243372283
11 119 0.7976281771115047
11 120 0.7960888187945421
12 0 0.9987039618834611
12 1 0.9985758212665095
12 2 0.9647381741506551
12 3 0.9985791583848211
12 4 0.9985140267592719
12 5 0.9988310002718083
12 6 0.9985973220723438
12 7 0.9985981410985738
12 8 0.998757699546104
12 9 0.998596536445915
12 10 0.9989111927562184
12 11 1.0
12 12 1.0
12 13 0.9985340622890366
12 14 0.998622012754875
12 15 0.9986876459187977
12 16 0.9987024712919675
12 17 0.9989497510631997
12 18 0.9988074824996815
12 19 0.9986825587299989
12 20 0.9987832219948651
12 21 0.9990107358835633
12 22 0.9989175310442263
12 23 0.9986698696994484
12 24 0.9989032029739277
12 25 0.9986705865982157
12 26 0.9986241494317026
12 27 0.9987229565688859
12 28 0.9987385897545586
12 29 0.9987443692580071
12 30 0.9987736051509699
12 31 0.9985196683490403
12 32 0.9991892478137613
12 33 0.9987795338700375
12 34 0.9987415989627663
12 35 0.9987022936763699
12 36 0.9986851657057687
12 37 0.9985943203617008
12 38 0.9987666226943299
12 39 0.998550095622555
12 40 0.9985340622890366
12 41 0.9983663732941581
12 42 0.9984580425934247
12 43 0.9985797222247822
12 44 0.9986197442647569
12 45 0.9985904670673716
12 46 0.9985693731668669
12 47 0.998602480628973
12 48 0.9985420668403467
12 49 0.9987228644962162
12 50 0.8089842140722739
12 51 0.7764638068567532
12 52 0.7785682048403978
12 53 0.7696978242212885
12 54 0.7728359143581156
12 55 0.775144927230177
12 56 0.7932517092553268
12 57 0.7533246912123001
12 58 0.7959558316146816
12 59 0.42852960269487067
12 60 0.7844358133503953
12 61 0.745089933492918
12 62 0.7449218243014892
12 63 0.42852960269487067
12 64 0.42852960269487067
12 65 0.42852960269487067
12 66 0.5763818037553405
12 67 0.7765070708033901
12 68 0.7603750819323917
12 69 0.7834195866232058
12 70 0.7675189841146102
12 71 0.7728634329441626
12 72 0.7550503159520244
12 73 0.7846996890378988
12 74 0.8082289931788864
12 75 0.7480107847197388
12 76 0.7885714576106392
12 77 0.75300331569675
12 78 0.42852960269487067
12 79 0.8224309179103735
12 80 0.42852960269487067
12 81 0.42852960269487067
12 82 0.42852960269487067
12 83 0.42852960269487067
12 84 0.798458155541643
12 85 0.42852960269487067
12 86 0.42852960269487067
12 87 0.42852960269487067
12 88 0.8040845840589333
12 89 0.4350334983811408
12 90 0.4350334983811408
12 91 0.4350334983811408
12 92 0.4350334983811408
12 93 0.4350334983811408
12 94 0.4350334983811408
12 95 0.4350334983811408
12 96 0.4350334983811408
12 97 0.4350334983811408
12 98 0.4350334983811408
12 99 0.4350334983811408
12 100 0.4350334983811408
12 101 0.42852960269487067
12 102 0.42852960269487067
12 103 0.42852960269487067
12 104 0.42852960269487067
12 105 0.42852960269487067
12 106 0.42852960269487067
12 107 0.42852960269487067
12 108 0.42852960269487067
12 109 0.42852960269487067
12 110 0.42852960269487067
12 111 0.42852960269487067
12 112 0.42852960269487067
12 113 0.42852960269487067
12 114 0.42852960269487067
12 115 0.8234321555096569
12 116 0.7760796290596214
12 117 0.7793036856954025
12 118 0.8070428243372283
12 119 0.7976281771115047
12 120 0.7960888187945421
13 0 0.9995226882623545
13 1 0.9994880699570149
13 2 0.9655717288448685
13 3 0.9993697743282807
13 4 0.999488455983703
13 5 0.9993327979768807
13 6 0.9994696136760148
13 7 0.9994935304541144
13 8 0.9995327867167988
13 9 0.9993625716616015
13 10 0.9994019695368521
13 11 0.9985340622890366
13 12 0.9985340622890366
13 13 1.0
13 14 0.9995746115508818
13 15 0.9994579927305948
13 16 0.9995477025064787
13 17 0.9995721833231045
13 18 0.9995081586139248
13 19 0.9995613727292441
13 20 0.9995335608241457
13 21 0.9994828559146475
13 22 0.9995125427932581
13 23 0.9995114262979639
13 24 0.9994965189475157
13 25 0.9994828831521355
13 26 0.9996093940502017
13 27 0.9994629013848493
13 28 0.9994953004330119
13 29 0.9995195082336357
13 30 0.9995884116080523
13 31 0.9990479850627304
13 32 0.99920733387237
13 33 0.9995397247815414
13 34 0.999494970000811
13 35 0.9995392375217019
13 36 0.999375114618103
13 37 0.9995886809111608
13 38 0.9995001011531173
13 39 0.9996232526684752
13 40 1.0
13 41 0.999478778144006
13 42 0.9992834208386823
13 43 0.9994537205620957
13 44 0.9992688420874302
13 45 0.9994004087516878
13 46 0.9993697866135015
13 47 0.999325814578873
13 48 0.9995678323488963
13 49 0.9996205224674002
13 50 0.8039020000116122
13 51 0.7708560219296338
13 52 0.772581699484568
13 53 0.7634655303158112
13 54 0.7669243312602011
13 55 0.769199825091335
13 56 0.7871887340577022
13 57 0.7479125170333385
13 58 0.7901863295383065
13 59 0.4217434068684799
13 60 0.7786246392524391
13 61 0.7394770831284476
13 62 0.738843750902669
13 63 0.4217434068684799
13 64 0.4217434068684799
13 65 0.4217434068684799
13 66 0.569350755675519
13 67 0.7704163521577618
13 68 0.753914998622312
13 69 0.7768359734151021
13 70 0.7602047248740593
13 71 0.7671265835634502
13 72 0.7489074918171472
13 73 0.7784418508427847
13 74 0.8023124230234447
13 75 0.7423814660665329
13 76 0.7833655595531516
13 77 0.7475988353325579
