0 0 0.9999999999999999
0 1 0.9996574499036162
0 2 0.9642576114234076
0 3 0.9995176485270093
0 4 0.9996906793135212
0 5 0.9993753418460628
0 6 0.9997020681034505
0 7 0.9996954966588876
0 8 0.9997465703928049
0 9 0.9994910403151208
0 10 0.9994557650794613
0 11 0.9987049384161794
0 12 0.9987049384161794
0 13 0.9995230689964568
0 14 0.9996208182788314
0 15 0.9996714366208321
0 16 0.9997040643213342
0 17 0.9997140499872907
0 18 0.999718484215659
0 19 0.9996988401072613
0 20 0.9996923506885091
0 21 0.9996639469273761
0 22 0.9997315316417804
0 23 0.9996702159612555
0 24 0.9996939270976856
0 25 0.9996951420419046
0 26 0.9998095400608954
0 27 0.99962583215338
0 28 0.999709348586156
0 29 0.9997325659370243
0 30 0.9997469462619304
0 31 0.9991922045570389
0 32 0.9994754408246025
0 33 0.9997033192855133
0 34 0.9997085862117545
0 35 0.9997475385852376
0 36 0.9995800860305204
0 37 0.9994320552693041
0 38 0.9996220446089318
0 39 0.9994506063561145
0 40 0.9995230689964568
0 41 0.999349235125517
0 42 0.9994335681299219
0 43 0.9996520396237268
0 44 0.9994557908074033
0 45 0.9995361301347073
0 46 0.9995578044064717
0 47 0.9994630312972527
0 48 0.9994893861176979
0 49 0.999718448949171
0 50 0.8028893159978316
0 51 0.7701136126907286
0 52 0.7720399590266186
0 53 0.7629972160627022
0 54 0.7662909639092588
0 55 0.7682402063269789
0 56 0.7863437247095735
0 57 0.7478592069667122
0 58 0.7898319579288249
0 59 0.4224243976961897
0 60 0.7780217801940098
0 61 0.7390723419163874
0 62 0.7384633839494815
0 63 0.4224243976961897
0 64 0.4224243976961897
0 65 0.4224243976961897
0 66 0.5696689126957181
0 67 0.7707496447125343
0 68 0.7532338424422317
0 69 0.7762564325560425
0 70 0.7598026207399884
0 71 0.7659234926798654
0 72 0.7482122408996846
0 73 0.7778808224264322
0 74 0.8018706575404282
0 75 0.7419629392346013
0 76 0.7830628281394671
0 77 0.7475410843242198
0 78 0.4224243976961897
0 79 0.8168961303387905
0 80 0.4224243976961897
0 81 0.4224243976961897
0 82 0.4224243976961897
0 83 0.4224243976961897
0 84 0.7923794894550354
0 85 0.4224243976961897
0 86 0.4224243976961897
0 87 0.4224243976961897
0 88 0.7981136599125749
0 89 0.42892211118675005
0 90 0.42892211118675005
0 91 0.42892211118675005
0 92 0.42892211118675005
0 93 0.42892211118675005
0 94 0.42892211118675005
0 95 0.42892211118675005
0 96 0.42892211118675005
0 97 0.42892211118675005
0 98 0.42892211118675005
0 99 0.42892211118675005
0 100 0.42892211118675005
0 101 0.4224243976961897
0 102 0.4224243976961897
0 103 0.4224243976961897
0 104 0.4224243976961897
0 105 0.4224243976961897
0 106 0.4224243976961897
0 107 0.4224243976961897
0 108 0.4224243976961897
0 109 0.4224243976961897
0 110 0.4224243976961897
0 111 0.4224243976961897
0 112 0.4224243976961897
0 113 0.4224243976961897
0 114 0.4224243976961897
0 115 0.8174337030069841
0 116 0.7691273394136254
0 117 0.7723140562558375
0 118 0.8011723821738262
0 119 0.7915107823727766
0 120 0.7894151683048798
1 0 0.9996574499036162
1 1 0.9999999999999999
1 2 0.9643250027006356
1 3 0.9996782836189563
1 4 0.999777904122865
1 5 0.999282445314111
1 6 0.9997465810402071
1 7 0.9998114201590333
1 8 0.9996551256045314
1 9 0.9993863783099795
1 10 0.9993018349508598
1 11 0.9985768810886343
1 12 0.9985768810886343
1 13 0.99948848056967
1 14 0.9995385296081749
1 15 0.9995998108898971
1 16 0.9996501086711946
1 17 0.9996177776535885
1 18 0.9996180192682582
1 19 0.9995922071899995
1 20 0.9995830852792311
1 21 0.9995318284627756
1 22 0.9996071434403097
1 23 0.9996347781473758
1 24 0.9996018020504965
1 25 0.999599561547362
1 26 0.999734961823639
1 27 0.9995683061942569
1 28 0.9996148811869211
1 29 0.9996751163283136
1 30 0.9996474012612823
1 31 0.9991404653504599
1 32 0.9992701062436168
1 33 0.9996024791812061
1 34 0.9996441211552526
1 35 0.9996535280392506
1 36 0.9995063852012673
1 37 0.9994520550710475
1 38 0.999561880711215
1 39 0.9996476149424608
1 40 0.99948848056967
1 41 0.9995177403429147
1 42 0.9996227257093577
1 43 0.9997524715562651
1 44 0.9995608010240616
1 45 0.9997509040166596
1 46 0.9997262365343803
1 47 0.9995124117495916
1 48 0.9996759498320016
1 49 0.9996252086703837
1 50 0.8021407507195862
1 51 0.7692263242235323
1 52 0.7711523028312308
1 53 0.762142255317711
1 54 0.7654964403974801
1 55 0.7674195269538632
1 56 0.7855232952274286
1 57 0.7476847946243347
1 58 0.7890382825766328
1 59 0.4219752374752039
1 60 0.7771246854791042
1 61 0.7383169825014033
1 62 0.7376712700316275
1 63 0.4219752374752039
1 64 0.4219752374752039
1 65 0.4219752374752039
1 66 0.5690378424085365
1 67 0.769030234501373
1 68 0.7524428891647297
1 69 0.7753644686452205
1 70 0.7589371774709491
1 71 0.765166794737511
1 72 0.7473891060363577
1 73 0.7769923843833062
1 74 0.8011030800286153
1 75 0.7412009268412267
1 76 0.7826278455693605
1 77 0.7473717462614625
1 78 0.4219752374752039
1 79 0.8161408557798425
1 80 0.4219752374752039
1 81 0.4219752374752039
1 82 0.4219752374752039
1 83 0.4219752374752039
1 84 0.7915872000013428
1 85 0.4219752374752039
1 86 0.4219752374752039
1 87 0.4219752374752039
1 88 0.7973295186306704
1 89 0.42847397793551695
1 90 0.42847397793551695
1 91 0.42847397793551695
1 92 0.42847397793551695
1 93 0.42847397793551695
1 94 0.42847397793551695
1 95 0.42847397793551695
1 96 0.42847397793551695
1 97 0.42847397793551695
1 98 0.42847397793551695
1 99 0.42847397793551695
1 100 0.42847397793551695
1 101 0.4219752374752039
1 102 0.4219752374752039
1 103 0.4219752374752039
1 104 0.4219752374752039
1 105 0.4219752374752039
1 106 0.4219752374752039
1 107 0.4219752374752039
1 108 0.4219752374752039
1 109 0.4219752374752039
1 110 0.4219752374752039
1 111 0.4219752374752039
1 112 0.4219752374752039
1 113 0.4219752374752039
1 114 0.4219752374752039
1 115 0.8167107810953598
1 116 0.7683161899914333
1 117 0.7715016233167543
1 118 0.80043752717144
1 119 0.7907278125212939
1 120 0.7887714605931985
2 0 0.9642576114234076
2 1 0.9643250027006356
2 2 0.9999999999999999
2 3 0.9649346359727866
2 4 0.9640338042938377
2 5 0.9659308492564656
2 6 0.9650480850684189
2 7 0.9643984333032836
2 8 0.9642838283966328
2 9 0.9658193155683631
2 10 0.9653489169148111
2 11 0.9647573126370617
2 12 0.9647573126370617
2 13 0.9655859205542415
2 14 0.9653109780315292
2 15 0.9649890190388981
2 16 0.9641233122797728
2 17 0.9647370633484756
2 18 0.9642297041366407
2 19 0.9647282002113128
2 20 0.9649401161584303
2 21 0.9642766379970426
2 22 0.9633319216770377
2 23 0.9643114014846014
2 24 0.9647507517579749
2 25 0.9644151850795584
2 26 0.9630902548032658
2 27 0.9642786680868725
2 28 0.9641941099802718
2 29 0.9645692689001283
2 30 0.9642257422489436
2 31 0.9664287273599254
2 32 0.9649134899491408
2 33 0.9647665976223606
2 34 0.9645606127392496
2 35 0.9641971832748822
2 36 0.9647682034771562
2 37 0.9665618898368652
2 38 0.964954523339963
2 39 0.9659707446600799
2 40 0.9655859205542415
2 41 0.9658883795021037
2 42 0.964660837098234
2 43 0.9640196652127004
2 44 0.9646786015965327
2 45 0.9646205736296254
2 46 0.9646712601608175
2 47 0.9656583892559083
2 48 0.9653398948984201
2 49 0.9644120843761469
2 50 0.8744202004065585
2 51 0.848873383415858
2 52 0.8541229914429802
2 53 0.8493289688105897
2 54 0.8488211908018781
2 55 0.8496940959794003
2 56 0.8647226096389536
2 57 0.824726388267623
2 58 0.8707260606330802
2 59 0.5200547180095165
2 60 0.8574270912762684
2 61 0.8155935839257504
2 62 0.8177546075494982
2 63 0.5200547180095165
2 64 0.5200547180095165
2 65 0.5200547180095165
2 66 0.6695022468843194
2 67 0.852848906140887
2 68 0.8372251315894298
2 69 0.8565266721296505
2 70 0.8484721632495207
2 71 0.8470784425457625
2 72 0.8330729708534353
2 73 0.8576740306699446
2 74 0.8792422872846022
2 75 0.8189223480669878
2 76 0.857932871224388
2 77 0.8244878640171218
2 78 0.5200547180095165
2 79 0.8881683376767592
2 80 0.5200547180095165
2 81 0.5200547180095165
2 82 0.5200547180095165
2 83 0.5200547180095165
2 84 0.8706660261943421
2 85 0.5200547180095165
2 86 0.5200547180095165
2 87 0.5200547180095165
2 88 0.8750883969482636
2 89 0.5262446027797868
2 90 0.5262446027797868
2 91 0.5262446027797868
2 92 0.5262446027797868
2 93 0.5262446027797868
2 94 0.5262446027797868
2 95 0.5262446027797868
2 96 0.5262446027797868
2 97 0.5262446027797868
2 98 0.5262446027797868
2 99 0.5262446027797868
2 100 0.5262446027797868
2 101 0.5200547180095165
2 102 0.5200547180095165
2 103 0.5200547180095165
2 104 0.5200547180095165
2 105 0.5200547180095165
2 106 0.5200547180095165
2 107 0.5200547180095165
2 108 0.5200547180095165
2 109 0.5200547180095165
2 110 0.5200547180095165
2 111 0.5200547180095165
2 112 0.5200547180095165
2 113 0.5200547180095165
2 114 0.5200547180095165
2 115 0.8907962706698324
2 116 0.8453229556811934
2 117 0.8476544330257411
2 118 0.8780234354058591
2 119 0.871934706043506
2 120 0.8668681524859706
3 0 0.9995176485270093
3 1 0.9996782836189563
3 2 0.9649346359727866
3 3 1.0000000000000002
3 4 0.9997111692142805
3 5 0.9992055419329953
3 6 0.9996638772326133
3 7 0.9997820233622283
3 8 0.9995497666680412
3 9 0.9992949930066208
3 10 0.9992116488531664
3 11 0.9985802670892907
3 12 0.9985802670892907
3 13 0.9993702763309869
3 14 0.999429847268098
3 15 0.9995085959378482
3 16 0.999578019796526
3 17 0.99949604824415
3 18 0.999542266917081
3 19 0.999483193883553
3 20 0.9994855409402912
3 21 0.9994302009230781
3 22 0.9994858510932221
3 23 0.9994547872822644
3 24 0.9995439208095601
3 25 0.9994932054564901
3 26 0.9996007201890776
3 27 0.9994736184541239
3 28 0.9995103242166202
3 29 0.9996085010410726
3 30 0.9995426835281936
3 31 0.9990057163817445
3 32 0.9991907263676775
3 33 0.9995368424338738
3 34 0.9995447446054785
3 35 0.9996099563078658
3 36 0.9994153615138915
3 37 0.9994116777912747
3 38 0.9994782694955869
3 39 0.9995696333311923
3 40 0.9993702763309869
3 41 0.9994836420149988
3 42 0.9996650400953949
3 43 0.9997241011814659
3 44 0.9996074131874483
3 45 0.9996815104858564
3 46 0.9996786401520187
3 47 0.9994510808978624
3 48 0.999492577277997
3 49 0.9995090668729881
3 50 0.803522535940313
3 51 0.7707368027668349
3 52 0.7727726352092363
3 53 0.7637822254916712
3 54 0.7670749602227057
3 55 0.7690023154385347
3 56 0.7876163507527427
3 57 0.7482411038176784
3 58 0.79055571304221
3 59 0.4236989120087022
3 60 0.7787044946214028
3 61 0.739754620025047
3 62 0.7391797332227525
3 63 0.4236989120087022
3 64 0.4236989120087022
3 65 0.4236989120087022
3 66 0.5708512301997256
3 67 0.7706389196815505
3 68 0.7540157713013081
3 69 0.7769756085763628
3 70 0.7610424659082913
3 71 0.766690393477425
3 72 0.7490039689871689
3 73 0.7785776551030431
3 74 0.8026086469447667
3 75 0.7426482379292387
3 76 0.7835600238872725
3 77 0.7479264004091053
3 78 0.4236989120087022
3 79 0.8174940329535496
3 80 0.4236989120087022
3 81 0.4236989120087022
3 82 0.4236989120087022
3 83 0.4236989120087022
3 84 0.7930641207562323
3 85 0.4236989120087022
3 86 0.4236989120087022
3 87 0.4236989120087022
3 88 0.7987975845514653
3 89 0.43019486471492097
3 90 0.43019486471492097
3 91 0.43019486471492097
3 92 0.43019486471492097
3 93 0.43019486471492097
3 94 0.43019486471492097
3 95 0.43019486471492097
3 96 0.43019486471492097
3 97 0.43019486471492097
3 98 0.43019486471492097
3 99 0.43019486471492097
3 100 0.43019486471492097
3 101 0.4236989120087022
3 102 0.4236989120087022
3 103 0.4236989120087022
3 104 0.4236989120087022
3 105 0.4236989120087022
3 106 0.4236989120087022
3 107 0.4236989120087022
3 108 0.4236989120087022
3 109 0.4236989120087022
3 110 0.4236989120087022
3 111 0.4236989120087022
3 112 0.4236989120087022
3 113 0.4236989120087022
3 114 0.4236989120087022
3 115 0.8180930235353523
3 116 0.7707423032009738
3 117 0.7739534802569928
3 118 0.8018767607489238
3 119 0.7922514991797673
3 120 0.7900887775125824
4 0 0.9996906793135212
4 1 0.999777904122865
4 2 0.9640338042938377
4 3 0.9997111692142805
4 4 0.9999999999999999
4 5 0.9992899681821408
4 6 0.9997974197765876
4 7 0.999878736151417
4 8 0.9997568021985483
4 9 0.9994043033620176
4 10 0.999324038496349
4 11 0.9985150521905745
4 12 0.9985150521905745
4 13 0.9994888553741149
4 14 0.9995806492750767
4 15 0.9996510210311836
4 16 0.9997267753239909
4 17 0.9996326098634042
4 18 0.9997227649237327
4 19 0.999678865940032
4 20 0.9996290205672284
4 21 0.9996361781461341
4 22 0.9997391491848516
4 23 0.9996201776118674
4 24 0.999648704200993
4 25 0.9996972498237736
4 26 0.9998494004679271
4 27 0.9996898245886087
4 28 0.9997103787789283
4 29 0.9997411762754861
4 30 0.9997185845535924
4 31 0.9990339146186246
4 32 0.9993019682027372
4 33 0.9996557462610394
4 34 0.999706397110177
4 35 0.999726941514248
4 36 0.9995771388451395
4 37 0.9994238584951266
4 38 0.9996382640779728
4 39 0.9996001939030831
4 40 0.9994888553741149
4 41 0.9994847973312411
4 42 0.9996825697742854
4 43 0.9998465203110332
4 44 0.9995881142679104
4 45 0.9996964928227676
4 46 0.9997278539142456
4 47 0.9995514373032474
4 48 0.9996379188934549
4 49 0.9997251518870713
4 50 0.8003598491898302
4 51 0.7673145739912526
4 52 0.7691671028625118
4 53 0.7600613990065038
4 54 0.7635100961685837
4 55 0.7654354094316042
4 56 0.7835737810101439
4 57 0.744664740369837
4 58 0.7871144493236645
4 59 0.419917003905644
4 60 0.7751849473604278
4 61 0.7364822145291144
4 62 0.7357733766177331
4 63 0.419917003905644
4 64 0.419917003905644
4 65 0.419917003905644
4 66 0.5668458468107294
4 67 0.766983817987629
4 68 0.7504569277155778
4 69 0.7734010639512269
4 70 0.7568192369039612
4 71 0.7632137341355277
4 72 0.7453954169901151
4 73 0.7750276012863564
4 74 0.7992521267273698
4 75 0.7393561744823545
4 76 0.7802260672356197
4 77 0.7443511027596694
4 78 0.419917003905644
4 79 0.814414259541862
4 80 0.419917003905644
4 81 0.419917003905644
4 82 0.419917003905644
4 83 0.419917003905644
4 84 0.7897100377223072
4 85 0.419917003905644
4 86 0.419917003905644
4 87 0.419917003905644
4 88 0.7954486736264362
4 89 0.4264175046439184
4 90 0.4264175046439184
4 91 0.4264175046439184
4 92 0.4264175046439184
4 93 0.4264175046439184
4 94 0.4264175046439184
4 95 0.4264175046439184
4 96 0.4264175046439184
4 97 0.4264175046439184
4 98 0.4264175046439184
4 99 0.4264175046439184
4 100 0.4264175046439184
4 101 0.419917003905644
4 102 0.419917003905644
4 103 0.419917003905644
4 104 0.419917003905644
4 105 0.419917003905644
4 106 0.419917003905644
4 107 0.419917003905644
4 108 0.419917003905644
4 109 0.419917003905644
4 110 0.419917003905644
4 111 0.419917003905644
4 112 0.419917003905644
4 113 0.419917003905644
4 114 0.419917003905644
4 115 0.8149229663314759
4 116 0.7664723673344044
4 117 0.7696726816809263
4 118 0.7985692973759888
4 119 0.78881879931708
4 120 0.7864492343250056
5 0 0.9993753418460628
5 1 0.999282445314111
5 2 0.9659308492564656
5 3 0.9992055419329953
5 4 0.9992899681821408
5 5 1.0
5 6 0.9992987399171932
5 7 0.999264766425481
5 8 0.9994254115732637
5 9 0.9993515996627452
5 10 0.9993920771936015
5 11 0.9988319678977547
5 12 0.9988319678977547
5 13 0.9993332776728473
5 14 0.9992736504132481
5 15 0.9993515183453373
5 16 0.9993815324353581
5 17 0.9994737739458914
5 18 0.9994063710919413
5 19 0.9993651597968266
5 20 0.9994356576500868
5 21 0.999566518810503
5 22 0.9994992685599159
5 23 0.999390703650098
5 24 0.999425635094733
5 25 0.9994006191191038
5 26 0.9993304382090268
5 27 0.9993899967623455
5 28 0.9994108996525944
5 29 0.9993647918326715
5 30 0.9994364498812107
5 31 0.999208175632196
5 32 0.9993751012229278
5 33 0.9994310802798503
5 34 0.9993632980559796
5 35 0.9993800134026513
5 36 0.9993300953665869
5 37 0.9992154532130139
5 38 0.9994177742289988
5 39 0.9991999371776287
5 40 0.9993332776728473
5 41 0.9991270976383845
5 42 0.9992008401054183
5 43 0.9992908019126331
5 44 0.9992246867224618
5 45 0.9992382432911299
5 46 0.9993473399256168
5 47 0.9993118924881216
5 48 0.9993060591887887
5 49 0.9994518700373668
5 50 0.8087318523339154
5 51 0.7763875408350327
5 52 0.7785009083647686
5 53 0.7695604558718239
5 54 0.7728423327197262
5 55 0.7750933784463974
5 56 0.7932548625934056
5 57 0.7538114077766013
5 58 0.7959680755581781
5 59 0.4277383955752995
5 60 0.7844211035863089
5 61 0.745011705205416
5 62 0.744558669513327
5 63 0.4277383955752995
5 64 0.4277383955752995
5 65 0.4277383955752995
5 66 0.5757628359598532
5 67 0.7763805080470356
5 68 0.7600369475206444
5 69 0.7826943494759387
5 70 0.7664458658004599
5 71 0.7727720939580525
5 72 0.7549031094184506
5 73 0.7846575084922366
5 74 0.8078831397928775
5 75 0.7479438658510935
5 76 0.7889699435743085
5 77 0.7534948459320567
5 78 0.4277383955752995
5 79 0.8226930729114766
5 80 0.4277383955752995
5 81 0.4277383955752995
5 82 0.4277383955752995
5 83 0.4277383955752995
5 84 0.7985000341006625
5 85 0.4277383955752995
5 86 0.4277383955752995
5 87 0.4277383955752995
5 88 0.804156905973332
5 89 0.4342616911933393
5 90 0.4342616911933393
5 91 0.4342616911933393
5 92 0.4342616911933393
5 93 0.4342616911933393
5 94 0.4342616911933393
5 95 0.4342616911933393
5 96 0.4342616911933393
5 97 0.4342616911933393
5 98 0.4342616911933393
5 99 0.4342616911933393
5 100 0.4342616911933393
5 101 0.4277383955752995
5 102 0.4277383955752995
5 103 0.4277383955752995
5 104 0.4277383955752995
5 105 0.4277383955752995
5 106 0.4277383955752995
5 107 0.4277383955752995
5 108 0.4277383955752995
5 109 0.4277383955752995
5 110 0.4277383955752995
5 111 0.4277383955752995
5 112 0.4277383955752995
5 113 0.4277383955752995
5 114 0.4277383955752995
5 115 0.8231994087435122
5 116 0.7752156259447369
5 117 0.7783579350199836
5 118 0.8071730377730914
5 119 0.7980782155437681
5 120 0.7963042290722363
6 0 0.9997020681034505
6 1 0.9997465810402071
6 2 0.9650480850684189
6 3 0.9996638772326133
6 4 0.9997974197765876
6 5 0.9992987399171932
6 6 1.0000000000000002
6 7 0.9997937408452184
6 8 0.9996940072441485
6 9 0.9994303497763931
6 10 0.9993579409356578
6 11 0.9985983508056308
6 12 0.9985983508056308
6 13 0.9994700373573522
6 14 0.9995741510769762
6 15 0.9996111113157221
6 16 0.9996541041722665
6 17 0.9996142592278991
6 18 0.9996588819345282
6 19 0.999636020189258
6 20 0.9996236142961626
6 21 0.9995806292271909
6 22 0.9996546375802642
6 23 0.9996129196435748
6 24 0.9995991461816589
6 25 0.9996411771933628
6 26 0.9997551848028424
6 27 0.999576543089138
6 28 0.9996866547148883
6 29 0.9996755042010711
6 30 0.9996859819131615
6 31 0.999113862387479
6 32 0.9993577110669273
6 33 0.9996717946174528
6 34 0.9996542157227684
6 35 0.9996974883918467
6 36 0.9995162534436763
6 37 0.9994068673054951
6 38 0.9995657464827328
6 39 0.9995853892597482
6 40 0.9994700373573522
6 41 0.9994681268633538
6 42 0.99958611612272
6 43 0.9997731228646751
6 44 0.9995930001199765
6 45 0.9996802518304813
6 46 0.9996834628213765
6 47 0.9995738497195346
6 48 0.9996025439456121
6 49 0.9996628197439104
6 50 0.8033975058573687
6 51 0.7705590879447279
6 52 0.7724789433671941
6 53 0.7634346835382095
6 54 0.7666554503694302
6 55 0.7685960242467831
6 56 0.7867732027655956
6 57 0.7476973303540099
6 58 0.7922423773734153
6 59 0.4238575575344531
6 60 0.7785047699884368
6 61 0.7394561978278311
6 62 0.738874078933447
6 63 0.4238575575344531
6 64 0.4238575575344531
6 65 0.4238575575344531
6 66 0.5707832704993624
6 67 0.7702832161187838
6 68 0.7537007640447354
6 69 0.7767045378433426
6 70 0.7600852806206843
6 71 0.7663187202062363
6 72 0.7486194095360312
6 73 0.7783188898312414
6 74 0.8023609316363449
6 75 0.742350476084526
6 76 0.7832778316542013
6 77 0.7473812988045763
6 78 0.4238575575344531
6 79 0.8174773916146307
6 80 0.4238575575344531
6 81 0.4238575575344531
6 82 0.4238575575344531
6 83 0.4238575575344531
6 84 0.792941752062887
6 85 0.4238575575344531
6 86 0.4238575575344531
6 87 0.4238575575344531
6 88 0.7986034717051451
6 89 0.4306116143372098
6 90 0.4306116143372098
6 91 0.4306116143372098
6 92 0.4306116143372098
6 93 0.4306116143372098
6 94 0.4306116143372098
6 95 0.4306116143372098
6 96 0.4306116143372098
6 97 0.4306116143372098
6 98 0.4306116143372098
6 99 0.4306116143372098
6 100 0.4306116143372098
6 101 0.4238575575344531
6 102 0.4238575575344531
6 103 0.4238575575344531
6 104 0.4238575575344531
6 105 0.4238575575344531
6 106 0.4238575575344531
6 107 0.4238575575344531
6 108 0.4238575575344531
6 109 0.4238575575344531
6 110 0.4238575575344531
6 111 0.4238575575344531
6 112 0.4238575575344531
6 113 0.4238575575344531
6 114 0.4238575575344531
6 115 0.8178602740770012
6 116 0.7695829946421732
6 117 0.772764897542912
6 118 0.8017857701531677
6 119 0.7920908887015672
6 120 0.7896233415660686
7 0 0.9996954966588876
7 1 0.9998114201590333
7 2 0.9643984333032836
7 3 0.9997820233622283
7 4 0.999878736151417
7 5 0.999264766425481
7 6 0.9997937408452184
7 7 1.0
7 8 0.9997468952634634
7 9 0.9994098127993634
7 10 0.9993312639242877
7 11 0.9985990860313957
7 12 0.9985990860313957
7 13 0.9994939235738732
7 14 0.999588408063284
7 15 0.9996636809047504
7 16 0.9997267875523776
7 17 0.9996648697448464
7 18 0.9997235428965369
7 19 0.999650613596647
7 20 0.9996311101719856
7 21 0.999591969294139
7 22 0.9996950128885173
7 23 0.999630384593694
7 24 0.9996862290445069
7 25 0.9996655564858109
7 26 0.9998337118190306
7 27 0.999664845077589
7 28 0.9996808739952943
7 29 0.9998013479862915
7 30 0.9997147724861156
7 31 0.9990992825028427
7 32 0.999314052497661
7 33 0.9996552137362523
7 34 0.9997144841851078
7 35 0.9997837283076082
7 36 0.9995976098937887
7 37 0.9994801284954421
7 38 0.9996399614997791
7 39 0.9996472411238908
7 40 0.9994939235738732
7 41 0.9995017533649838
7 42 0.9996347548899265
7 43 0.9998134470494149
7 44 0.9995660263592322
7 45 0.9997267806981649
7 46 0.999735179349744
7 47 0.9995242257802461
7 48 0.9996149845602791
7 49 0.9996828792011929
7 50 0.8011859611886841
7 51 0.7682274313716604
7 52 0.7700812933031495
7 53 0.7609470022522283
7 54 0.7648022863511492
7 55 0.7666972037053285
7 56 0.7847397230211546
7 57 0.7454788618992154
7 58 0.7879365086162299
7 59 0.42024746643887695
7 60 0.7761168858296845
7 61 0.7372847690422493
7 62 0.7365985149284423
7 63 0.42024746643887695
7 64 0.42024746643887695
7 65 0.42024746643887695
7 66 0.5673939210194272
7 67 0.7678972329434974
7 68 0.7512781319947074
7 69 0.7743432410279601
7 70 0.7577050451557401
7 71 0.7640416463949389
7 72 0.7462399330986544
7 73 0.7759460072753713
7 74 0.8000718449124019
7 75 0.7401651136168725
7 76 0.7810365704096559
7 77 0.7451638848849286
7 78 0.42024746643887695
7 79 0.8152499877293368
7 80 0.42024746643887695
7 81 0.42024746643887695
7 82 0.42024746643887695
7 83 0.42024746643887695
7 84 0.7905547476903644
7 85 0.42024746643887695
7 86 0.42024746643887695
7 87 0.42024746643887695
7 88 0.79629837362126
7 89 0.42675844632681015
7 90 0.42675844632681015
7 91 0.42675844632681015
7 92 0.42675844632681015
7 93 0.42675844632681015
7 94 0.42675844632681015
7 95 0.42675844632681015
7 96 0.42675844632681015
7 97 0.42675844632681015
7 98 0.42675844632681015
7 99 0.42675844632681015
7 100 0.42675844632681015
7 101 0.42024746643887695
7 102 0.42024746643887695
7 103 0.42024746643887695
7 104 0.42024746643887695
7 105 0.42024746643887695
7 106 0.42024746643887695
7 107 0.42024746643887695
7 108 0.42024746643887695
7 109 0.42024746643887695
7 110 0.42024746643887695
7 111 0.42024746643887695
7 112 0.42024746643887695
7 113 0.42024746643887695
7 114 0.42024746643887695
7 115 0.8157132389691556
7 116 0.7673447072747505
7 117 0.7705511636497013
7 118 0.799396083538458
7 119 0.7896284289529856
7 120 0.7873365564393162
8 0 0.9997465703928049
8 1 0.9996551256045314
8 2 0.9642838283966328
8 3 0.9995497666680412
8 4 0.9997568021985483
8 5 0.9994254115732637
8 6 0.9996940072441485
8 7 0.9997468952634634
8 8 1.0000000000000002
8 9 0.9995469740082974
8 10 0.999473636145903
8 11 0.998758559664317
8 12 0.998758559664317
8 13 0.9995331568505836
8 14 0.9996532336411407
8 15 0.9996821243181241
8 16 0.9997285147179276
8 17 0.9996972120883422
8 18 0.9997463428524455
8 19 0.9997299751987203
8 20 0.9997016477220511
8 21 0.9997228778596371
8 22 0.999797095826346
8 23 0.9996907605267711
8 24 0.9996743813309101
8 25 0.9997508457306603
8 26 0.9998357745983504
8 27 0.9996853205683566
8 28 0.9997614617882898
8 29 0.9997482787469634
8 30 0.9997660753247319
8 31 0.9992352859702072
8 32 0.9994903212498819
8 33 0.9997139147278066
8 34 0.9997282121005916
8 35 0.999768561660267
8 36 0.9995973501393053
8 37 0.9994380431474401
8 38 0.9996718895410825
8 39 0.9994798403420171
8 40 0.9995331568505836
8 41 0.9994252637657481
8 42 0.9995011606212001
8 43 0.9997213451364995
8 44 0.9995183838845833
8 45 0.9995687906581897
8 46 0.9996210897006791
8 47 0.999487809482713
8 48 0.9995528021873181
8 49 0.9997718643411351
8 50 0.8033984717791807
8 51 0.7716556732554363
8 52 0.7717190996414994
8 53 0.7632682886295937
8 54 0.7666126603722733
8 55 0.7681956687103829
8 56 0.7860448895646432
8 57 0.7472468019516701
8 58 0.7894374677223003
8 59 0.4213916085526047
8 60 0.7777520988655222
8 61 0.7387526921345304
8 62 0.7381271616836835
8 63 0.4213916085526047
8 64 0.4213916085526047
8 65 0.4213916085526047
8 66 0.5687909475204818
8 67 0.7695457035505651
8 68 0.7528367221819896
8 69 0.7759799374972353
8 70 0.7593323560277796
8 71 0.7655598059572087
8 72 0.7478052898528802
8 73 0.7775999352824546
8 74 0.8015459808853294
8 75 0.7416429314143393
8 76 0.7826423303959089
8 77 0.7469287875381694
8 78 0.4213916085526047
8 79 0.8167121828809155
8 80 0.4213916085526047
8 81 0.4213916085526047
8 82 0.4213916085526047
8 83 0.4213916085526047
8 84 0.7920875769806477
8 85 0.4213916085526047
8 86 0.4213916085526047
8 87 0.4213916085526047
8 88 0.7977968973597361
8 89 0.42790881656953855
8 90 0.42790881656953855
8 91 0.42790881656953855
8 92 0.42790881656953855
8 93 0.42790881656953855
8 94 0.42790881656953855
8 95 0.42790881656953855
8 96 0.42790881656953855
8 97 0.42790881656953855
8 98 0.42790881656953855
8 99 0.42790881656953855
8 100 0.42790881656953855
8 101 0.4213916085526047
8 102 0.4213916085526047
8 103 0.4213916085526047
8 104 0.4213916085526047
8 105 0.4213916085526047
8 106 0.4213916085526047
8 107 0.4213916085526047
8 108 0.4213916085526047
8 109 0.4213916085526047
8 110 0.4213916085526047
8 111 0.4213916085526047
8 112 0.4213916085526047
8 113 0.4213916085526047
8 114 0.4213916085526047
8 115 0.8171330057965618
8 116 0.7688565044598951
8 117 0.7720489261059137
8 118 0.8009201973930713
8 119 0.7911321568625725
8 120 0.788924445937873
9 0 0.9994910403151208
9 1 0.9993863783099795
9 2 0.9658193155683631
9 3 0.9992949930066208
9 4 0.9994043033620176
9 5 0.9993515996627452
9 6 0.9994303497763931
9 7 0.9994098127993634
9 8 0.9995469740082974
9 9 0.9999999999999998
9 10 0.9994834480870352
9 11 0.9985976826176575
9 12 0.9985976826176575
9 13 0.999363048970212
9 14 0.9995664900985699
9 15 0.9994574518575657
9 16 0.9994586358014546
9 17 0.9995094383447541
9 18 0.9995047420663575
9 19 0.9996113317727423
9 20 0.9995317882815524
9 21 0.9994399423643857
9 22 0.9994449142265841
9 23 0.9994609794789165
9 24 0.999438319557748
9 25 0.999502608969477
9 26 0.9994700068643323
9 27 0.9994469233468207
9 28 0.9994761646655226
9 29 0.9994812789825162
9 30 0.999505322581128
9 31 0.9992227209446777
9 32 0.9992725543245905
9 33 0.9994913495102716
9 34 0.9994826992388502
9 35 0.9995322104352814
9 36 0.9994295935243315
9 37 0.9993566766327946
9 38 0.9994268994215603
9 39 0.9993057811018417
9 40 0.999363048970212
9 41 0.999260050707002
9 42 0.9992760976344873
9 43 0.9994158835720641
9 44 0.9992410529556884
9 45 0.9993559672834207
9 46 0.9994236659237348
9 47 0.999428477564196
9 48 0.9994911955618228
9 49 0.9996359404178431
9 50 0.8077601532008655
9 51 0.7759883991420227
9 52 0.7771629562448794
9 53 0.7687920569168686
9 54 0.7717219335389861
9 55 0.7735919815757389
9 56 0.7921191510433883
9 57 0.7526745670768322
9 58 0.7945368568908368
9 59 0.42644637982476397
9 60 0.7831072818123258
9 61 0.7436734826359477
9 62 0.7431777335123217
9 63 0.42644637982476397
9 64 0.42644637982476397
9 65 0.42644637982476397
9 66 0.5743498261211902
9 67 0.7750349500911006
9 68 0.7580728567230155
9 69 0.7813299397141468
9 70 0.7653757286894236
9 71 0.7706887817262431
9 72 0.7531349702729434
9 73 0.7832909397477151
9 74 0.8064852587100808
9 75 0.7465934433686824
9 76 0.7876948514554716
9 77 0.7523576169811267
9 78 0.42644637982476397
9 79 0.821339545696335
9 80 0.42644637982476397
9 81 0.42644637982476397
9 82 0.42644637982476397
9 83 0.42644637982476397
9 84 0.7970989813801883
9 85 0.42644637982476397
9 86 0.42644637982476397
9 87 0.42644637982476397
9 88 0.8028102326662053
9 89 0.4329693366103471
9 90 0.4329693366103471
9 91 0.4329693366103471
9 92 0.4329693366103471
9 93 0.4329693366103471
9 94 0.4329693366103471
9 95 0.4329693366103471
9 96 0.4329693366103471
9 97 0.4329693366103471
9 98 0.4329693366103471
9 99 0.4329693366103471
9 100 0.4329693366103471
9 101 0.42644637982476397
9 102 0.42644637982476397
9 103 0.42644637982476397
9 104 0.42644637982476397
9 105 0.42644637982476397
9 106 0.42644637982476397
9 107 0.42644637982476397
9 108 0.42644637982476397
9 109 0.42644637982476397
9 110 0.42644637982476397
9 111 0.42644637982476397
9 112 0.42644637982476397
9 113 0.42644637982476397
9 114 0.42644637982476397
9 115 0.8218301522154192
9 116 0.7738713115296251
9 117 0.7770217051655591
9 118 0.8058314324052172
9 119 0.7962115842447246
9 120 0.7949029954999006
10 0 0.9994557650794613
10 1 0.9993018349508598
10 2 0.9653489169148111
10 3 0.9992116488531664
10 4 0.999324038496349
10 5 0.9993920771936015
10 6 0.9993579409356578
10 7 0.9993312639242877
10 8 0.999473636145903
10 9 0.9994834480870352
10 10 1.0000000000000002
10 11 0.9989120809887252
10 12 0.9989120809887252
10 13 0.9994024108367595
10 14 0.9995014528363814
10 15 0.9994173843115146
10 16 0.9994609224245523
10 17 0.9995312664093149
10 18 0.999530930435823
10 19 0.9996001054686275
10 20 0.9995517196638359
10 21 0.9996384295143933
10 22 0.9995922878893299
10 23 0.9994568631330115
10 24 0.9994455641845168
10 25 0.9994453219755439
10 26 0.9994489871574919
10 27 0.999413423408584
10 28 0.9994418768924936
10 29 0.9994373239100551
10 30 0.9995184413803606
10 31 0.9991723297101253
10 32 0.9994749000025599
10 33 0.9995764640321224
10 34 0.9994727543332065
10 35 0.9994974537875873
10 36 0.9993513537899598
10 37 0.9992644135752589
10 38 0.9994264186505971
10 39 0.9992230743957665
10 40 0.9994024108367595
10 41 0.9991464431288944
10 42 0.9991892739699854
10 43 0.9993129208442855
10 44 0.9992088070312884
10 45 0.9993167113046462
10 46 0.9993187494222665
10 47 0.9992668794023891
10 48 0.9993629189542632
10 49 0.9996102518630391
10 50 0.8080231070588297
10 51 0.7751329715500849
10 52 0.7767922748478072
10 53 0.7678132665934266
10 54 0.7717812931465988
10 55 0.7736691097684485
10 56 0.7915587144244407
10 57 0.7518613492358536
10 58 0.7942832923827794
10 59 0.4261717010754619
10 60 0.7827385637281453
10 61 0.744582021566997
10 62 0.7439741124912534
10 63 0.4261717010754619
10 64 0.4261717010754619
10 65 0.4261717010754619
10 66 0.5740267460688583
10 67 0.7746557006307258
10 68 0.757982968743188
10 69 0.7809866222479803
10 70 0.7650618832369916
10 71 0.7707941526183821
10 72 0.7530006672881782
10 73 0.7825809820358629
10 74 0.8062410524446186
10 75 0.7474773306817785
10 76 0.7871721070525265
10 77 0.751547970182456
10 78 0.4261717010754619
10 79 0.8210870115795529
10 80 0.4261717010754619
10 81 0.4261717010754619
10 82 0.4261717010754619
10 83 0.4261717010754619
10 84 0.7968230406958271
10 85 0.4261717010754619
10 86 0.4261717010754619
10 87 0.4261717010754619
10 88 0.8025222509303751
10 89 0.4326927277257369
10 90 0.4326927277257369
10 91 0.4326927277257369
10 92 0.4326927277257369
10 93 0.4326927277257369
10 94 0.4326927277257369
10 95 0.4326927277257369
10 96 0.4326927277257369
10 97 0.4326927277257369
10 98 0.4326927277257369
10 99 0.4326927277257369
10 100 0.4326927277257369
10 101 0.4261717010754619
10 102 0.4261717010754619
10 103 0.4261717010754619
10 104 0.4261717010754619
10 105 0.4261717010754619
10 106 0.4261717010754619
10 107 0.4261717010754619
10 108 0.4261717010754619
10 109 0.4261717010754619
10 110 0.4261717010754619
10 111 0.4261717010754619
10 112 0.4261717010754619
10 113 0.4261717010754619
10 114 0.4261717010754619
10 115 0.821984769305999
10 116 0.7735769333311339
10 117 0.7767335825130218
10 118 0.8055348468867747
10 119 0.7963605997862143
10 120 0.794810871911908
11 0 0.9987049384161794
11 1 0.9985768810886343
11 2 0.9647573126370617
11 3 0.9985802670892907
11 4 0.9985150521905745
11 5 0.9988319678977547
11 6 0.9985983508056308
11 7 0.9985990860313957
11 8 0.998758559664317
11 9 0.9985976826176575
11 10 0.9989120809887252
11 11 1.0
11 12 1.0
11 13 0.9985351465820905
11 14 0.9986230992248823
11 15 0.9986886517472245
11 16 0.9987034275615201
11 17 0.9989505107708399
11 18 0.9988083566145738
11 19 0.9986835497062844
11 20 0.9987841439619978
11 21 0.9990114177370132
11 22 0.9989181923933205
11 23 0.9986709134902613
11 24 0.9989040114462252
11 25 0.9986715942364822
11 26 0.9986249093791468
11 27 0.9987239419674191
11 28 0.9987395261273895
11 29 0.9987452712112102
11 30 0.9987744890698952
11 31 0.9985209144868711
11 32 0.9991899024129193
11 33 0.9987804429278158
11 34 0.9987425150855872
11 35 0.9987032403206313
11 36 0.9986862269197402
11 37 0.9985954610156956
11 38 0.9987675633847818
11 39 0.9985512207082533
11 40 0.9985351465820905
11 41 0.9983677072706438
11 42 0.998459271651132
11 43 0.9985807161861845
11 44 0.9986208568187834
11 45 0.9985915493955578
11 46 0.9985704942921778
11 47 0.9986036107352884
11 48 0.9985432278874116
11 49 0.9987237691819946
11 50 0.8092146322213309
11 51 0.7767532202707672
11 52 0.7788688738359731
11 53 0.7700042586465036
11 54 0.7731446657725034
11 55 0.775447519785818
11 56 0.7935234287826481
11 57 0.7536378233096929
11 58 0.7962322318307828
11 59 0.4290486018628369
11 60 0.7847213542338726
11 61 0.7454188479458433
11 62 0.7452481759564886
11 63 0.4290486018628369
11 64 0.4290486018628369
11 65 0.4290486018628369
11 66 0.5768495139471498
11 67 0.7768004467812978
11 68 0.7606793971829215
11 69 0.7837036552807356
11 70 0.7678417166190287
11 71 0.7731557990302407
11 72 0.7553682590472393
11 73 0.7849822169183687
11 74 0.808478609521709
11 75 0.7483357890973679
11 76 0.7888328366354219
11 77 0.7533166965381372
11 78 0.4290486018628369
11 79 0.8226377316901301
11 80 0.4290486018628369
11 81 0.4290486018628369
11 82 0.4290486018628369
11 83 0.4290486018628369
11 84 0.7986971355705867
11 85 0.4290486018628369
11 86 0.4290486018628369
11 87 0.4290486018628369
11 88 0.804326419930451
11 89 0.43555419102895054
11 90 0.43555419102895054
11 91 0.43555419102895054
11 92 0.43555419102895054
11 93 0.43555419102895054
11 94 0.43555419102895054
11 95 0.43555419102895054
11 96 0.43555419102895054
11 97 0.43555419102895054
11 98 0.43555419102895054
11 99 0.43555419102895054
11 100 0.43555419102895054
11 101 0.4290486018628369
11 102 0.4290486018628369
11 103 0.4290486018628369
11 104 0.4290486018628369
11 105 0.4290486018628369
11 106 0.4290486018628369
11 107 0.4290486018628369
11 108 0.4290486018628369
11 109 0.4290486018628369
11 110 0.4290486018628369
11 111 0.4290486018628369
11 112 0.4290486018628369
11 113 0.4290486018628369
11 114 0.4290486018628369
11 115 0.8236522337355636
11 116 0.7763660238654206
11 117 0.7795839614111443
11 118 0.8072734667783996
11 119 0.7978676888223108
11 120 0.7963518875446666
12 0 0.9987049384161794
12 1 0.9985768810886343
12 2 0.9647573126370617
12 3 0.9985802670892907
12 4 0.9985150521905745
12 5 0.9988319678977547
12 6 0.9985983508056308
12 7 0.9985990860313957
12 8 0.998758559664317
12 9 0.9985976826176575
12 10 0.9989120809887252
12 11 1.0
12 12 1.0
12 13 0.9985351465820905
12 14 0.9986230992248823
12 15 0.9986886517472245
12 16 0.9987034275615201
12 17 0.9989505107708399
12 18 0.9988083566145738
12 19 0.9986835497062844
12 20 0.9987841439619978
12 21 0.9990114177370132
12 22 0.9989181923933205
12 23 0.9986709134902613
12 24 0.9989040114462252
12 25 0.9986715942364822
12 26 0.9986249093791468
12 27 0.9987239419674191
12 28 0.9987395261273895
12 29 0.9987452712112102
12 30 0.9987744890698952
12 31 0.9985209144868711
12 32 0.9991899024129193
12 33 0.9987804429278158
12 34 0.9987425150855872
12 35 0.9987032403206313
12 36 0.9986862269197402
12 37 0.9985954610156956
12 38 0.9987675633847818
12 39 0.9985512207082533
12 40 0.9985351465820905
12 41 0.9983677072706438
12 42 0.998459271651132
12 43 0.9985807161861845
12 44 0.9986208568187834
12 45 0.9985915493955578
12 46 0.9985704942921778
12 47 0.9986036107352884
12 48 0.9985432278874116
12 49 0.9987237691819946
12 50 0.8092146322213309
12 51 0.7767532202707672
12 52 0.7788688738359731
12 53 0.7700042586465036
12 54 0.7731446657725034
12 55 0.775447519785818
12 56 0.7935234287826481
12 57 0.7536378233096929
12 58 0.7962322318307828
12 59 0.4290486018628369
12 60 0.7847213542338726
12 61 0.7454188479458433
12 62 0.7452481759564886
12 63 0.4290486018628369
12 64 0.4290486018628369
12 65 0.4290486018628369
12 66 0.5768495139471498
12 67 0.7768004467812978
12 68 0.7606793971829215
12 69 0.7837036552807356
12 70 0.7678417166190287
12 71 0.7731557990302407
12 72 0.7553682590472393
12 73 0.7849822169183687
12 74 0.808478609521709
12 75 0.7483357890973679
12 76 0.7888328366354219
12 77 0.7533166965381372
12 78 0.4290486018628369
12 79 0.8226377316901301
12 80 0.4290486018628369
12 81 0.4290486018628369
12 82 0.4290486018628369
12 83 0.4290486018628369
12 84 0.7986971355705867
12 85 0.4290486018628369
12 86 0.4290486018628369
12 87 0.4290486018628369
12 88 0.804326419930451
12 89 0.43555419102895054
12 90 0.43555419102895054
12 91 0.43555419102895054
12 92 0.43555419102895054
12 93 0.43555419102895054
12 94 0.43555419102895054
12 95 0.43555419102895054
12 96 0.43555419102895054
12 97 0.43555419102895054
12 98 0.43555419102895054
12 99 0.43555419102895054
12 100 0.43555419102895054
12 101 0.4290486018628369
12 102 0.4290486018628369
12 103 0.4290486018628369
12 104 0.4290486018628369
12 105 0.4290486018628369
12 106 0.4290486018628369
12 107 0.4290486018628369
12 108 0.4290486018628369
12 109 0.4290486018628369
12 110 0.4290486018628369
12 111 0.4290486018628369
12 112 0.4290486018628369
12 113 0.4290486018628369
12 114 0.4290486018628369
12 115 0.8236522337355636
12 116 0.7763660238654206
12 117 0.7795839614111443
12 118 0.8072734667783996
12 119 0.7978676888223108
12 120 0.7963518875446666
13 0 0.9995230689964568
13 1 0.99948848056967
13 2 0.9655859205542415
13 3 0.9993702763309869
13 4 0.9994888553741149
13 5 0.9993332776728473
13 6 0.9994700373573522
13 7 0.9994939235738732
13 8 0.9995331568505836
13 9 0.999363048970212
13 10 0.9994024108367595
13 11 0.9985351465820905
13 12 0.9985351465820905
13 13 1.0
13 14 0.9995749413338308
13 15 0.9994584247788464
13 16 0.9995480641326502
13 17 0.9995725254152378
13 18 0.9995085517631053
13 19 0.9995617227385193
13 20 0.999533931488356
13 21 0.9994832687474747
13 22 0.9995129135318599
13 23 0.9995118079799765
13 24 0.9994969213604492
13 25 0.99948329533299
13 26 0.9996096394797526
13 27 0.999463326992532
13 28 0.9994957040415813
13 29 0.9995198920246592
13 30 0.9995887403665982
13 31 0.999048637560993
13 32 0.9992079366491502
13 33 0.9995400922126941
13 34 0.999495376123061
13 35 0.9995396059606644
13 36 0.9993755913503118
13 37 0.9995889831623008
13 38 0.9995004988439428
13 39 0.9996235522940111
13 40 1.0
13 41 0.9994791779667105
13 42 0.9992839937822439
13 43 0.9994541551417913
13 44 0.9992694149812665
13 45 0.9994008892957916
13 46 0.99937028474623
13 47 0.9993263357957282
13 48 0.9995681639816032
13 49 0.9996208241314323
13 50 0.8041304292919489
13 51 0.7711436374895918
13 52 0.7728816055036783
13 53 0.7637713178646298
13 54 0.7672324349677607
13 55 0.7695017357795111
13 56 0.7874599915170949
13 57 0.7482233475502578
13 58 0.7904624534463742
13 59 0.4222542303016121
13 60 0.7789090054763947
13 61 0.73980396395668
13 62 0.739168495868122
13 63 0.4222542303016121
13 64 0.4222542303016121
13 65 0.4222542303016121
13 66 0.5698129252179828
13 67 0.7707088251042624
13 68 0.7542185804972307
13 69 0.7771199791543464
13 70 0.7605288544371788
13 71 0.767417644125292
13 72 0.7492242868986193
13 73 0.7787238609460635
13 74 0.80256192102658
