0 0 1.0
0 1 0.7302507302510953
0 2 0.6776439986371081
0 3 0.6821314454146865
0 4 0.7485862381397372
0 5 0.6413895828706024
0 6 0.7522166696057638
0 7 0.7485862381397372
0 8 0.7522166696057638
0 9 0.6695183867003729
0 10 0.6629126073623883
0 11 0.6030633008462596
0 12 0.6030633008462596
0 13 0.7231625095035797
0 14 0.7071067811865476
0 15 0.7124483985442281
0 16 0.7302507302510953
0 17 0.7385489458759964
0 18 0.7362120596141519
0 19 0.7287040657115997
0 20 0.7231625095035797
0 21 0.7284927963857741
0 22 0.7758144242235596
0 23 0.7124483985442281
0 24 0.7276068751089989
0 25 0.7287040657115997
0 26 0.8392857142857143
0 27 0.6972342241888888
0 28 0.7287040657115997
0 29 0.7401804263097366
0 30 0.7461257461261191
0 31 0.61295205952238
0 32 0.6821314454146865
0 33 0.7287040657115997
0 34 0.7287040657115997
0 35 0.7461257461261191
0 36 0.6829548776199382
0 37 0.659570234877865
0 38 0.6972342241888888
0 39 0.67700320038633
0 40 0.7231625095035797
0 41 0.6469255430324637
0 42 0.6538929679339834
0 43 0.7302507302510953
0 44 0.6639528095680696
0 45 0.6872031245042168
0 46 0.6872031245042168
0 47 0.6652127575599499
0 48 0.6684239227769608
0 49 0.7401804263097366
0 50 0.06431196942844081
0 51 0.0
0 52 0.0
0 53 0.0
0 54 0.016556654463313048
0 55 0.012257258446136503
0 56 0.0132499735000795
0 57 0.048717735184622316
0 58 0.051031036307982884
0 59 0.0
0 60 0.0
0 61 0.028676966733820218
0 62 0.018633899812498248
0 63 0.0
0 64 0.0
0 65 0.0
0 66 0.0
0 67 0.03952847075210474
0 68 0.026958193300859603
0 69 0.0
0 70 0.0
0 71 0.03580574370197165
0 72 0.014834770727423166
0 73 0.0
0 74 0.07142857142857142
0 75 0.02727723627949905
0 76 0.0625
0 77 0.048112522432468816
0 78 0.0
0 79 0.08838834764831843
0 80 0.0
0 81 0.0
0 82 0.0
0 83 0.0
0 84 0.051031036307982884
0 85 0.0
0 86 0.0
0 87 0.0
0 88 0.05590169943749474
0 89 0.0
0 90 0.0
0 91 0.0
0 92 0.0
0 93 0.0
0 94 0.0
0 95 0.0
0 96 0.0
0 97 0.0
0 98 0.0
0 99 0.0
0 100 0.0
0 101 0.0
0 102 0.0
0 103 0.0
0 104 0.0
0 105 0.0
0 106 0.0
0 107 0.0
0 108 0.0
0 109 0.0
0 110 0.0
0 111 0.0
0 112 0.0
0 113 0.0
0 114 0.0
0 115 0.10138838820672659
0 116 0.024514516892273006
0 117 0.03125
0 118 0.0668153104781061
0 119 0.06431196942844081
0 120 0.02706329386826371
1 0 0.7302507302510953
1 1 1.0
1 2 0.7034540996048685
1 3 0.7238482967695945
1 4 0.777098386743313
1 5 0.6361369329005323
1 6 0.7642529005727389
1 7 0.7936323949718941
1 8 0.731731500548367
1 9 0.6512853457525022
1 10 0.6435856655959434
1 11 0.5990970835647428
1 12 0.5990970835647428
1 13 0.7191012094028307
1 14 0.6884869911026372
1 15 0.7084472691787521
1 16 0.7258064516129032
1 17 0.7191012094028307
1 18 0.7154708005361811
1 19 0.7088592170368978
1 20 0.7034685744158127
1 21 0.7065062657651134
1 22 0.7515664644844356
1 23 0.7238482967695945
1 24 0.7084472691787521
1 25 0.7088592170368978
1 26 0.8164293878583675
1 27 0.6933185380357338
1 28 0.7088592170368978
1 29 0.7360235531305562
1 30 0.7258064516129032
1 31 0.6227599152349647
1 32 0.6468431588153823
1 33 0.7088592170368978
1 34 0.7246116440821622
1 35 0.7258064516129032
1 36 0.6791193846611164
1 37 0.6701240287602747
1 38 0.6933185380357338
1 39 0.7347338443898488
1 40 0.7191012094028307
1 41 0.6858542702591174
1 42 0.7086463144289911
1 43 0.7580645161290323
1 44 0.6892414406003604
1 45 0.7602612124908801
1 46 0.7447456775420865
1 47 0.6758568375380846
1 48 0.7381732441968657
1 49 0.7200230411059789
1 50 0.06534102628035482
1 51 0.0
1 52 0.0
1 53 0.0
1 54 0.016821577756312225
1 55 0.012453387034667949
1 56 0.013461986538074042
1 57 0.06599635792649262
1 58 0.05184758473652126
1 59 0.0
1 60 0.0
1 61 0.029135827337403247
1 62 0.018932061141568826
1 63 0.0
1 64 0.0
1 65 0.0
1 66 0.0
1 67 0.0
1 68 0.027389551783238836
1 69 0.0
1 70 0.0
1 71 0.03637867197989336
1 72 0.015072142131211604
1 73 0.0
1 74 0.072571501142966
1 75 0.027713699773684663
1 76 0.06350006350009525
1 77 0.0651764955650459
1 78 0.0
1 79 0.08980265101338744
1 80 0.0
1 81 0.0
1 82 0.0
1 83 0.0
1 84 0.05184758473652126
1 85 0.0
1 86 0.0
1 87 0.0
1 88 0.05679618342470648
1 89 0.0
1 90 0.0
1 91 0.0
1 92 0.0
1 93 0.0
1 94 0.0
1 95 0.0
1 96 0.0
1 97 0.0
1 98 0.0
1 99 0.0
1 100 0.0
1 101 0.0
1 102 0.0
1 103 0.0
1 104 0.0
1 105 0.0
1 106 0.0
1 107 0.0
1 108 0.0
1 109 0.0
1 110 0.0
1 111 0.0
1 112 0.0
1 113 0.0
1 114 0.0
1 115 0.10301070542879115
1 116 0.024906774069335898
1 117 0.031750031750047626
1 118 0.06788442333021306
1 119 0.06534102628035482
1 120 0.036661778755338326
2 0 0.6776439986371081
2 1 0.7034540996048685
2 2 1.0000000000000002
2 3 0.7002858893319112
2 4 0.7518026046169641
2 5 0.6191057049999749
2 6 0.7242859683401484
2 7 0.7518026046169641
2 8 0.6941073863259756
2 9 0.6446583712203042
2 10 0.6250000000000001
2 11 0.5685735326841775
2 12 0.5685735326841775
2 13 0.7543365091413573
2 14 0.7083333333333335
2 15 0.6717027918081596
2 16 0.6884869911026372
2 17 0.6672976811635084
2 18 0.6941073863259756
2 19 0.6870287817905063
2 20 0.6672976811635084
2 21 0.6712198316335474
2 22 0.7144345083117604
2 23 0.657411243046284
2 24 0.6717027918081596
2 25 0.6724111481353892
2 26 0.7744502841566949
2 27 0.6573587306657398
2 28 0.6724111481353892
2 29 0.697848798326886
2 30 0.6884869911026372
2 31 0.577896743774047
2 32 0.6145365967606568
2 33 0.6724111481353892
2 34 0.6870287817905063
2 35 0.6884869911026372
2 36 0.6438960336126494
2 37 0.7164779433275346
2 38 0.6573587306657398
2 39 0.7688429804709987
2 40 0.7543365091413573
2 41 0.7027422676885616
2 42 0.6575959492214292
2 43 0.7184212081070996
2 44 0.6395889883933853
2 45 0.6910947404650881
2 46 0.6766969333720655
2 47 0.6538566280374392
2 48 0.7123956116565483
2 49 0.697848798326886
2 50 0.06063390625908325
2 51 0.0
2 52 0.0
2 53 0.0
2 54 0.015609763526361568
2 55 0.011556254088025608
2 56 0.012492194816597692
2 57 0.030621014144975027
2 58 0.04811252243246882
2 59 0.0
2 60 0.0
2 61 0.02703690352179376
2 62 0.017568209223157664
2 63 0.0
2 64 0.0
2 65 0.0
2 66 0.0
2 67 0.0
2 68 0.025416428388767447
2 69 0.0
2 70 0.0
2 71 0.05063696835418334
2 72 0.013986355971611485
2 73 0.0
2 74 0.06734350297014739
2 75 0.025717224993681988
2 76 0.05892556509887897
2 77 0.0302406141084343
2 78 0.0
2 79 0.08333333333333333
2 80 0.0
2 81 0.0
2 82 0.0
2 83 0.0
2 84 0.04811252243246882
2 85 0.0
2 86 0.0
2 87 0.0
2 88 0.05270462766947299
2 89 0.0
2 90 0.0
2 91 0.0
2 92 0.0
2 93 0.0
2 94 0.0
2 95 0.0
2 96 0.0
2 97 0.0
2 98 0.0
2 99 0.0
2 100 0.0
2 101 0.0
2 102 0.0
2 103 0.0
2 104 0.0
2 105 0.0
2 106 0.0
2 107 0.0
2 108 0.0
2 109 0.0
2 110 0.0
2 111 0.0
2 112 0.0
2 113 0.0
2 114 0.0
2 115 0.09558988911273408
2 116 0.023112508176051216
2 117 0.029462782549439483
2 118 0.06299407883487121
2 119 0.06063390625908325
2 120 0.017010345435994292
3 0 0.6821314454146865
3 1 0.7238482967695945
3 2 0.7002858893319112
3 3 1.0
3 4 0.7578107735408072
3 5 0.6074240722196087
3 6 0.7297573605023309
3 7 0.7893862224383408
3 8 0.6987038558001041
3 9 0.6218887419256297
3 10 0.6145365967606568
3 11 0.5850573384288867
3 12 0.5850573384288867
3 13 0.6866436491305118
3 14 0.657411243046284
3 15 0.6764705882352942
3 16 0.7084472691787521
3 17 0.6717166132798486
3 18 0.6987038558001041
3 19 0.6768639422957102
3 20 0.6717166132798486
3 21 0.6746171945133973
3 22 0.7176435430643551
3 23 0.6617647058823529
3 24 0.6911764705882353
3 25 0.6768639422957102
3 26 0.7795787947596418
3 27 0.6620247118789143
3 28 0.6768639422957102
3 29 0.7180804893387656
3 30 0.6930462415879096
3 31 0.5687964589945211
3 32 0.6176470588235294
3 33 0.6919053632356149
3 34 0.6919053632356149
3 35 0.7238482967695945
3 36 0.6484664555997911
3 37 0.6537874887877221
3 38 0.6620247118789143
3 39 0.7015706849811751
3 40 0.6866436491305118
3 41 0.6685410483161772
3 42 0.7189519399041162
3 43 0.7546503519512794
3 44 0.7001400420140048
3 45 0.7259458424088007
3 46 0.7259458424088007
3 47 0.6453511677477803
3 48 0.6625635524606561
3 49 0.6875238727711585
3 50 0.06239177481057772
3 51 0.0
3 52 0.0
3 53 0.0
3 54 0.01606231415508089
3 55 0.011891287353862353
3 56 0.038563087254679565
3 57 0.03938595451118975
3 58 0.04950737714883372
3 59 0.0
3 60 0.0
3 61 0.027820744203732855
3 62 0.01807753815155468
3 63 0.0
3 64 0.0
3 65 0.0
3 66 0.0
3 67 0.0
3 68 0.026153289048297074
3 69 0.0
3 70 0.01787996349630379
3 71 0.03473667371459374
3 72 0.014391841562585092
3 73 0.0
3 74 0.0692958928675237
3 75 0.026462806201248155
3 76 0.06063390625908324
3 77 0.038896669000778046
3 78 0.0
3 79 0.08574929257125441
3 80 0.0
3 81 0.0
3 82 0.0
3 83 0.0
3 84 0.04950737714883372
3 85 0.0
3 86 0.0
3 87 0.0
3 88 0.05423261445466404
3 89 0.0
3 90 0.0
3 91 0.0
3 92 0.0
3 93 0.0
3 94 0.0
3 95 0.0
3 96 0.0
3 97 0.0
3 98 0.0
3 99 0.0
3 100 0.0
3 101 0.0
3 102 0.0
3 103 0.0
3 104 0.0
3 105 0.0
3 106 0.0
3 107 0.0
3 108 0.0
3 109 0.0
3 110 0.0
3 111 0.0
3 112 0.0
3 113 0.0
3 114 0.0
3 115 0.09836118442057921
3 116 0.04756514941544941
3 117 0.06063390625908324
3 118 0.06482037235521644
3 119 0.06239177481057772
3 120 0.026255251575525187
4 0 0.7485862381397372
4 1 0.777098386743313
4 2 0.7518026046169641
4 3 0.7578107735408072
4 4 1.0000000000000002
4 5 0.6680144904669488
4 6 0.800111134264619
4 7 0.8305084745762713
4 8 0.7834421523007727
4 9 0.6824745538252501
4 10 0.6750880531254372
4 11 0.6141395187814617
4 12 0.6141395187814617
4 13 0.7371567694338407
4 14 0.7211167840203534
4 15 0.7420230490920403
4 16 0.7605643785147319
4 17 0.7371567694338407
4 18 0.7667731703369265
4 19 0.7589535099383351
4 20 0.7371567694338407
4 21 0.7587334705507119
4 22 0.8080194801030411
4 23 0.7262353246432736
4 24 0.7420230490920403
4 25 0.7589535099383351
4 26 0.8555271293025568
4 27 0.7570784770961431
4 28 0.7589535099383351
4 29 0.7709062690446925
4 30 0.7605643785147319
4 31 0.6245183043600401
4 32 0.6788721512969731
4 33 0.7428055629183705
4 34 0.7589535099383351
4 35 0.7605643785147319
4 36 0.7264393676232028
4 37 0.6869498447529238
4 38 0.7416278959309157
4 39 0.7371567694338407
4 40 0.7371567694338407
4 41 0.7030750491804486
4 42 0.756707674607503
4 43 0.8101664032004753
4 44 0.7215801868827156
4 45 0.7475400250463475
4 46 0.7634451319622273
4 47 0.722308578619022
4 48 0.7415735211153529
4 49 0.7709062690446925
4 50 0.06698164210336598
4 51 0.0
4 52 0.0
4 53 0.0
4 54 0.01724394251251618
4 55 0.012766073029704134
4 56 0.013799996964001004
4 57 0.03382671407540345
4 58 0.0531494003452734
4 59 0.0
4 60 0.0
4 61 0.029867384554474945
4 62 0.0194074169913194
4 63 0.0
4 64 0.0
4 65 0.0
4 66 0.0
4 67 0.0
4 68 0.028077262622795626
4 69 0.0
4 70 0.0
4 71 0.037292086235345454
4 72 0.01545058116522741
4 73 0.0
4 74 0.07439366341761364
4 75 0.028409549486356808
4 76 0.06509445549041194
4 77 0.03340649013345906
4 78 0.0
4 79 0.09205746178983235
4 80 0.0
4 81 0.0
4 82 0.0
4 83 0.0
4 84 0.0531494003452734
4 85 0.0
4 86 0.0
4 87 0.0
4 88 0.0582222509739582
4 89 0.0
4 90 0.0
4 91 0.0
4 92 0.0
4 93 0.0
4 94 0.0
4 95 0.0
4 96 0.0
4 97 0.0
4 98 0.0
4 99 0.0
4 100 0.0
4 101 0.0
4 102 0.0
4 103 0.0
4 104 0.0
4 105 0.0
4 106 0.0
4 107 0.0
4 108 0.0
4 109 0.0
4 110 0.0
4 111 0.0
4 112 0.0
4 113 0.0
4 114 0.0
4 115 0.10559715077387792
4 116 0.02553214605940827
4 117 0.03254722774520597
4 118 0.06958890006392211
4 119 0.06698164210336598
4 120 0.018791150700070723
5 0 0.6413895828706024
5 1 0.6361369329005323
5 2 0.6191057049999749
5 3 0.6074240722196087
5 4 0.6680144904669488
5 5 1.0
5 6 0.6413299736191915
5 7 0.6521093835510692
5 8 0.6726143625762253
5 9 0.612590013402321
5 10 0.6191057049999749
5 11 0.5763093277416785
5 12 0.5763093277416785
5 13 0.6767108576070406
5 14 0.6047078979069521
5 15 0.6222392934932578
5 16 0.6516524678493257
5 17 0.6616728385491064
5 18 0.6569721680977084
5 19 0.6364366934371064
5 20 0.6466348194911722
5 21 0.7119964812161681
5 22 0.7406128966515282
5 23 0.6370545147669068
5 24 0.6518697360405558
5 25 0.6515899480427518
5 26 0.7330166661378313
5 27 0.6379492053167095
5 28 0.6515899480427518
5 29 0.6464599351554541
5 30 0.6671680027981193
5 31 0.5730254871776855
5 32 0.6222392934932578
5 33 0.6515899480427518
5 34 0.6364366934371064
5 35 0.6516524678493257
5 36 0.6106821056217907
5 37 0.5885794474047709
5 38 0.6379492053167095
5 39 0.6165587813753036
5 40 0.6767108576070406
5 41 0.5772957275741633
5 42 0.5964801961887258
5 43 0.6516524678493257
5 44 0.5924903173212224
5 45 0.6119402985074627
5 46 0.6417910447761194
5 47 0.6086504869229421
5 48 0.6248840150548556
5 49 0.6772437415914281
5 50 0.06285566056425841
5 51 0.0
5 52 0.0
5 53 0.0
5 54 0.016181738209458365
5 55 0.03593909888870701
5 56 0.03884980560577155
5 57 0.04761454910242343
5 58 0.049875466805381644
5 59 0.0
5 60 0.0
5 61 0.02802759273356052
5 62 0.018211945490271768
5 63 0.0
5 64 0.0
5 65 0.0
5 66 0.0
5 67 0.0
5 68 0.039521609956990646
5 69 0.0
5 70 0.0
5 71 0.06124114937967811
5 72 0.014498845575379761
5 73 0.016181738209458365
5 74 0.06981111106074583
5 75 0.026659558398736394
5 76 0.06108472217815261
5 77 0.04702304105723988
5 78 0.0
5 79 0.086386842558136
5 80 0.0
5 81 0.0
5 82 0.0
5 83 0.0
5 84 0.049875466805381644
5 85 0.0
5 86 0.0
5 87 0.0
5 88 0.0546358364708153
5 89 0.0
5 90 0.0
5 91 0.0
5 92 0.0
5 93 0.0
5 94 0.0
5 95 0.0
5 96 0.0
5 97 0.0
5 98 0.0
5 99 0.0
5 100 0.0
5 101 0.0
5 102 0.0
5 103 0.0
5 104 0.0
5 105 0.0
5 106 0.0
5 107 0.0
5 108 0.0
5 109 0.0
5 110 0.0
5 111 0.0
5 112 0.0
5 113 0.0
5 114 0.0
5 115 0.09909250441117726
5 116 0.02395939925913801
5 117 0.030542361089076306
5 118 0.06530231484483391
5 119 0.08380754741901122
5 120 0.05290092118939487
6 0 0.7522166696057638
6 1 0.7642529005727389
6 2 0.7242859683401484
6 3 0.7297573605023309
6 4 0.800111134264619
6 5 0.6413299736191915
6 6 1.0000000000000002
6 7 0.800111134264619
6 8 0.7540983606557378
6 9 0.6711932056813287
6 10 0.6639288043118027
6 11 0.6039877531493497
6 12 0.6039877531493497
6 13 0.7249715207589708
6 14 0.7091966773330619
6 15 0.7142306081512174
6 16 0.731731500548367
6 17 0.7249715207589708
6 18 0.7377049180327869
6 19 0.7305269393249267
6 20 0.7249715207589708
6 21 0.7292326585857227
6 22 0.7761823345023016
6 23 0.7142306081512174
6 24 0.7142306081512174
6 25 0.7305269393249267
6 26 0.8413852109876021
6 27 0.6989783751129561
6 28 0.7464079597450338
6 29 0.7420320083602685
6 30 0.7479922005605529
6 31 0.6141949767366909
6 32 0.6676503510978772
6 33 0.7464079597450338
6 34 0.7305269393249267
6 35 0.7479922005605529
6 36 0.6846633083589526
6 37 0.6609076823768025
6 38 0.6989783751129561
6 39 0.7249715207589708
6 40 0.7249715207589708
6 41 0.6770478990786507
6 42 0.6995472933232777
6 43 0.7805136005849248
6 44 0.70965242011639
6 45 0.7351831404902928
6 46 0.7351831404902928
6 47 0.710368771490581
6 48 0.7144312782876028
6 49 0.7420320083602685
6 50 0.06587443126365881
6 51 0.0
6 52 0.0
6 53 0.0
6 54 0.01695889903687727
6 55 0.012555049023795638
6 56 0.01357188212914986
6 57 0.03326755632232592
6 58 0.15681251204679503
6 59 0.0
6 60 0.0
6 61 0.029373674772302332
6 62 0.019086611143795607
6 63 0.0
6 64 0.0
6 65 0.0
6 66 0.0
6 67 0.0
6 68 0.027613143670959694
6 69 0.0
6 70 0.0
6 71 0.036675645658219125
6 72 0.015195182067672959
6 73 0.0
6 74 0.07316393139022627
6 75 0.02793993781135563
6 76 0.06401843996644799
6 77 0.032854278709092126
6 78 0.0
6 79 0.09053574604251853
6 80 0.0
6 81 0.0
6 82 0.0
6 83 0.0
6 84 0.052270837348931676
6 85 0.0
6 86 0.0
6 87 0.0
6 88 0.057259833431386825
6 89 0.021049133398705722
6 90 0.021049133398705722
6 91 0.021049133398705722
6 92 0.021049133398705722
6 93 0.021049133398705722
6 94 0.021049133398705722
6 95 0.021049133398705722
6 96 0.021049133398705722
6 97 0.021049133398705722
6 98 0.021049133398705722
6 99 0.021049133398705722
6 100 0.021049133398705722
6 101 0.0
6 102 0.0
6 103 0.0
6 104 0.0
6 105 0.0
6 106 0.0
6 107 0.0
6 108 0.0
6 109 0.0
6 110 0.0
6 111 0.0
6 112 0.0
6 113 0.0
6 114 0.0
6 115 0.103851623099316
6 116 0.025110098047591276
6 117 0.032009219983223994
6 118 0.06843859108291549
6 119 0.06587443126365881
6 120 0.018480531773864325
7 0 0.7485862381397372
7 1 0.7936323949718941
7 2 0.7518026046169641
7 3 0.7893862224383408
7 4 0.8305084745762713
7 5 0.6521093835510692
7 6 0.800111134264619
7 7 1.0000000000000002
7 8 0.7834421523007727
7 9 0.6824745538252501
7 10 0.6750880531254372
7 11 0.6280972351174039
7 12 0.6280972351174039
7 13 0.7371567694338407
7 14 0.7211167840203534
7 15 0.7420230490920403
7 16 0.7605643785147319
7 17 0.753181916595446
7 18 0.7667731703369265
7 19 0.7428055629183705
7 20 0.7371567694338407
7 21 0.7414895280381958
7 22 0.7892283294029704
7 23 0.7262353246432736
7 24 0.7578107735408072
7 25 0.7428055629183705
7 26 0.8555271293025568
7 27 0.7416278959309157
7 28 0.7428055629183705
7 29 0.8037107911317006
7 30 0.7605643785147319
7 31 0.6383964889013742
7 32 0.6788721512969731
7 33 0.7428055629183705
7 34 0.7589535099383351
7 35 0.7936323949718941
7 36 0.7264393676232028
7 37 0.7018835370301612
7 38 0.7416278959309157
7 39 0.753181916595446
7 40 0.7371567694338407
7 41 0.7030750491804486
7 42 0.7264393676232028
7 43 0.7936323949718941
7 44 0.7065472663226591
7 45 0.7634451319622273
7 46 0.7634451319622273
7 47 0.7075675872186338
7 48 0.7264393676232028
7 49 0.7545040080011884
7 50 0.06698164210336598
7 51 0.0
7 52 0.0
7 53 0.0
7 54 0.03448788502503236
7 55 0.02553214605940827
7 56 0.02759999392800201
7 57 0.03382671407540345
7 58 0.0531494003452734
7 59 0.0
7 60 0.0
7 61 0.029867384554474945
7 62 0.0194074169913194
7 63 0.0
7 64 0.0
7 65 0.0
7 66 0.0
7 67 0.0
7 68 0.028077262622795626
7 69 0.0
7 70 0.0
7 71 0.037292086235345454
7 72 0.01545058116522741
7 73 0.0
7 74 0.07439366341761364
7 75 0.028409549486356808
7 76 0.06509445549041194
7 77 0.03340649013345906
7 78 0.0
7 79 0.09205746178983235
7 80 0.0
7 81 0.0
7 82 0.0
7 83 0.0
7 84 0.0531494003452734
7 85 0.0
7 86 0.0
7 87 0.0
7 88 0.0582222509739582
7 89 0.0
7 90 0.0
7 91 0.0
7 92 0.0
7 93 0.0
7 94 0.0
7 95 0.0
7 96 0.0
7 97 0.0
7 98 0.0
7 99 0.0
7 100 0.0
7 101 0.0
7 102 0.0
7 103 0.0
7 104 0.0
7 105 0.0
7 106 0.0
7 107 0.0
7 108 0.0
7 109 0.0
7 110 0.0
7 111 0.0
7 112 0.0
7 113 0.0
7 114 0.0
7 115 0.10559715077387792
7 116 0.02553214605940827
7 117 0.03254722774520597
7 118 0.06958890006392211
7 119 0.06698164210336598
7 120 0.018791150700070723
8 0 0.7522166696057638
8 1 0.731731500548367
8 2 0.6941073863259756
8 3 0.6987038558001041
8 4 0.7834421523007727
8 5 0.6726143625762253
8 6 0.7540983606557378
8 7 0.7834421523007727
8 8 1.0000000000000002
8 9 0.7003755189718213
8 10 0.6790180953188891
8 11 0.6314417419288656
8 12 0.6314417419288656
8 13 0.7407317712102527
8 14 0.7242859683401484
8 15 0.7297573605023309
8 16 0.7479922005605529
8 17 0.7407317712102527
8 18 0.7540983606557378
8 19 0.7464079597450338
8 20 0.7407317712102527
8 21 0.7631504566594772
8 22 0.8131433980500302
8 23 0.7297573605023309
8 24 0.7297573605023309
8 25 0.762288980165141
8 26 0.8596761938351587
8 27 0.729368739248302
8 28 0.762288980165141
8 29 0.7581631389767961
8 30 0.7642529005727389
8 31 0.6414925312583216
8 32 0.6987038558001041
8 33 0.7464079597450338
8 34 0.7464079597450338
8 35 0.7642529005727389
8 36 0.6995472933232777
8 37 0.6755945197629537
8 38 0.729368739248302
8 39 0.6934510198564068
8 40 0.7407317712102527
8 41 0.6770478990786507
8 42 0.6846633083589526
8 43 0.7642529005727389
8 44 0.6948679946972984
8 45 0.7038987515332591
8 46 0.7195409460117759
8 47 0.6813741277562716
8 48 0.6995472933232777
8 49 0.7742942695933237
8 50 0.06587443126365881
8 51 0.08535791995526398
8 52 0.0
8 53 0.03017858201417285
8 54 0.050876697110631815
8 55 0.012555049023795638
8 56 0.01357188212914986
8 57 0.0415844454029074
8 58 0.052270837348931676
8 59 0.0
8 60 0.0
8 61 0.029373674772302332
8 62 0.019086611143795607
8 63 0.0
8 64 0.0
8 65 0.0
8 66 0.0
8 67 0.0
8 68 0.027613143670959694
8 69 0.0
8 70 0.0
8 71 0.036675645658219125
8 72 0.015195182067672959
8 73 0.0
8 74 0.07316393139022627
8 75 0.02793993781135563
8 76 0.06401843996644799
8 77 0.04106784838636516
8 78 0.0
8 79 0.09053574604251853
8 80 0.0
8 81 0.0
8 82 0.0
8 83 0.0
8 84 0.052270837348931676
8 85 0.0
8 86 0.0
8 87 0.0
8 88 0.057259833431386825
8 89 0.0
8 90 0.0
8 91 0.0
8 92 0.0
8 93 0.0
8 94 0.0
8 95 0.0
8 96 0.0
8 97 0.0
8 98 0.0
8 99 0.0
8 100 0.0
8 101 0.0
8 102 0.0
8 103 0.0
8 104 0.0
8 105 0.0
8 106 0.0
8 107 0.0
8 108 0.0
8 109 0.0
8 110 0.0
8 111 0.0
8 112 0.0
8 113 0.0
8 114 0.0
8 115 0.103851623099316
8 116 0.025110098047591276
8 117 0.032009219983223994
8 118 0.06843859108291549
8 119 0.06587443126365881
8 120 0.018480531773864325
9 0 0.6695183867003729
9 1 0.6512853457525022
9 2 0.6446583712203042
9 3 0.6218887419256297
9 4 0.6824745538252501
9 5 0.612590013402321
9 6 0.6711932056813287
9 7 0.6824745538252501
9 8 0.7003755189718213
9 9 0.9999999999999998
9 10 0.6580887539540605
9 11 0.5498035312487345
9 12 0.5498035312487345
9 13 0.6733237089254919
9 14 0.6849495194215732
9 15 0.6495282415667688
9 16 0.6657583534358912
9 17 0.6733237089254919
9 18 0.685784362326575
9 19 0.7067534927402196
9 20 0.6733237089254919
9 21 0.6641556721825317
9 22 0.7072980720817517
9 23 0.6495282415667688
9 24 0.6495282415667688
9 25 0.6784833530306108
9 26 0.7651638705147119
9 27 0.6491823451175833
9 28 0.6643482831758064
9 29 0.6748111045311851
9 30 0.6802313611192801
9 31 0.5831154368998349
9 32 0.6080689921050602
9 33 0.6643482831758064
9 34 0.6643482831758064
9 35 0.6947043688026691
9 36 0.6358871003192346
9 37 0.6274643827392025
9 38 0.6356577129276336
9 39 0.6312409771176487
9 40 0.6733237089254919
9 41 0.6026136290592804
9 42 0.6093918044725998
9 43 0.6802313611192801
9 44 0.5921565254637919
9 45 0.6404350140115174
9 46 0.6543575143161156
9 47 0.6451747176156364
9 48 0.6756300440891868
9 49 0.7322418368317115
9 50 0.058632232874557814
9 51 0.037986858819879316
9 52 0.0
9 53 0.026860765467512676
9 54 0.030188894190115077
9 55 0.02234950781338371
9 56 0.04831918778060757
9 57 0.051817744397510426
9 58 0.046524210519923545
9 59 0.0
9 60 0.0
9 61 0.026144349280800103
9 62 0.016988239714587516
9 63 0.0
9 64 0.0
9 65 0.0
9 66 0.0
9 67 0.0
9 68 0.024577369991010484
9 69 0.0
9 70 0.01680257031774874
9 71 0.03264354554274192
9 72 0.013524632189949651
9 73 0.015094447095057539
9 74 0.0651203294055074
9 75 0.02486823656509969
9 76 0.05698028822981897
9 77 0.05117402071909314
9 78 0.0
9 79 0.08058229640253801
9 80 0.0
9 81 0.0
9 82 0.0
9 83 0.0
9 84 0.046524210519923545
9 85 0.0
9 86 0.0
9 87 0.0
9 88 0.05096471914376255
9 89 0.0
9 90 0.0
9 91 0.0
9 92 0.0
9 93 0.0
9 94 0.0
9 95 0.0
9 96 0.0
9 97 0.0
9 98 0.0
9 99 0.0
9 100 0.0
9 101 0.0
9 102 0.0
9 103 0.0
9 104 0.0
9 105 0.0
9 106 0.0
9 107 0.0
9 108 0.0
9 109 0.0
9 110 0.0
9 111 0.0
9 112 0.0
9 113 0.0
9 114 0.0
9 115 0.09243423333081695
9 116 0.02234950781338371
9 117 0.028490144114909487
9 118 0.06091449038731726
9 119 0.058632232874557814
9 120 0.04934637712198267
10 0 0.6629126073623883
10 1 0.6435856655959434
10 2 0.6250000000000001
10 3 0.6145365967606568
10 4 0.6750880531254372
10 5 0.6191057049999749
10 6 0.6639288043118027
10 7 0.6750880531254372
10 8 0.6790180953188891
10 9 0.6580887539540605
10 10 1.0000000000000002
10 11 0.6064784348631227
10 12 0.6064784348631227
10 13 0.6963106238227914
10 14 0.6805555555555557
10 15 0.6431196942844082
10 16 0.673519882600406
10 17 0.6818041524931499
10 18 0.6941073863259756
10 19 0.7162640491007406
10 20 0.6818041524931499
10 21 0.7336588857389937
10 22 0.7654655446197433
10 23 0.657411243046284
10 24 0.657411243046284
10 25 0.657793514480272
10 26 0.7576144084141581
10 27 0.6433723746941283
10 28 0.657793514480272
10 29 0.6681531047810609
10 30 0.6884869911026372
10 31 0.577896743774047
10 32 0.657411243046284
10 33 0.7016464154456235
10 34 0.6724111481353892
10 35 0.6884869911026372
10 36 0.6164962023950898
10 37 0.6083303292403596
10 38 0.6433723746941283
10 39 0.623778267174584
10 40 0.6963106238227914
10 41 0.5966679631317976
10 42 0.60279628678631
10 43 0.6585527740981747
10 44 0.598764159346999
10 45 0.6479013191860201
10 46 0.6335035120929975
10 47 0.6004805767690768
10 48 0.6438960336126494
10 49 0.7275444918727109
10 50 0.10105651043180541
10 51 0.0
10 52 0.0
10 53 0.0
10 54 0.046829290579084706
10 55 0.03466876226407682
10 56 0.03747658444979308
10 57 0.038276267681218785
10 58 0.04811252243246882
10 59 0.0
10 60 0.0
10 61 0.05407380704358752
10 62 0.03513641844631533
10 63 0.0
10 64 0.0
10 65 0.0
10 66 0.0
10 67 0.0
10 68 0.025416428388767447
10 69 0.0
10 70 0.017376201171422898
10 71 0.05063696835418334
10 72 0.013986355971611485
10 73 0.0
10 74 0.06734350297014739
10 75 0.051434449987363975
10 76 0.05892556509887897
10 77 0.037800767635542874
10 78 0.0
10 79 0.08333333333333333
10 80 0.0
10 81 0.0
10 82 0.0
10 83 0.0
10 84 0.04811252243246882
10 85 0.0
10 86 0.0
10 87 0.0
10 88 0.05270462766947299
10 89 0.0
10 90 0.0
10 91 0.0
10 92 0.0
10 93 0.0
10 94 0.0
10 95 0.0
10 96 0.0
10 97 0.0
10 98 0.0
10 99 0.0
10 100 0.0
10 101 0.0
10 102 0.0
10 103 0.0
10 104 0.0
10 105 0.0
10 106 0.0
10 107 0.0
10 108 0.0
10 109 0.0
10 110 0.0
10 111 0.0
10 112 0.0
10 113 0.0
10 114 0.0
10 115 0.1147078669352809
10 116 0.023112508176051216
10 117 0.029462782549439483
10 118 0.06299407883487121
10 119 0.08084520834544433
10 120 0.05953620902598003
11 0 0.6030633008462596
11 1 0.5990970835647428
11 2 0.5685735326841775
11 3 0.5850573384288867
11 4 0.6141395187814617
11 5 0.5763093277416785
11 6 0.6039877531493497
11 7 0.6280972351174039
11 8 0.6314417419288656
11 9 0.5498035312487345
11 10 0.6064784348631227
11 11 0.9999999999999999
11 12 0.9999999999999999
11 13 0.6070524798897534
11 14 0.5812085000771593
11 15 0.5850573384288867
11 16 0.6127129263730323
11 17 0.6466428590129981
11 18 0.6314417419288656
11 19 0.5984063716876622
11 20 0.6070524798897534
11 21 0.6674224391196111
11 22 0.6963575181639444
11 23 0.5850573384288867
11 24 0.6370624351781211
11 25 0.5984063716876622
11 26 0.6892152009671538
11 27 0.5980108411766503
11 28 0.6117042910584991
11 29 0.6213380221627159
11 30 0.626328769181322
11 31 0.5142941109928062
11 32 0.6630649835527382
11 33 0.6117042910584991
11 34 0.6117042910584991
11 35 0.6127129263730323
11 36 0.5733005329557039
11 37 0.5657068131347741
11 38 0.5980108411766503
11 39 0.5938556868486717
11 40 0.6070524798897534
11 41 0.5307371702059386
11 42 0.5483744228271951
11 43 0.6127129263730323
11 44 0.5694657037429589
11 45 0.5894072670085349
11 46 0.5763093277416785
11 47 0.558407064559076
11 48 0.5733005329557039
11 49 0.6213380221627159
11 50 0.0735463131352922
11 51 0.0
11 52 0.0
11 53 0.0
11 54 0.01420047742807683
11 55 0.031538785014838505
11 56 0.03409311042168922
11 57 0.03482059637356124
11 58 0.04376881095324085
11 59 0.0
11 60 0.0
11 61 0.02459594839716409
11 62 0.03196422009902561
11 63 0.0
11 64 0.0
11 65 0.0
11 66 0.0
11 67 0.0
11 68 0.04624354712709096
11 69 0.02339541354478655
11 70 0.03161487387093395
11 71 0.05374290129890252
11 72 0.012723634918652133
11 73 0.01420047742807683
11 74 0.0765794667741282
11 75 0.02339541354478655
11 76 0.05360562674188974
11 77 0.03438802558834293
11 78 0.0
11 79 0.07580980435789032
11 80 0.0
11 81 0.0
11 82 0.0
11 83 0.0
11 84 0.04376881095324085
11 85 0.0
11 86 0.0
11 87 0.0
11 88 0.047946330148538406
11 89 0.0
11 90 0.0
11 91 0.0
11 92 0.0
11 93 0.0
11 94 0.0
11 95 0.0
11 96 0.0
11 97 0.0
11 98 0.0
11 99 0.0
11 100 0.0
11 101 0.0
11 102 0.0
11 103 0.0
11 104 0.0
11 105 0.0
11 106 0.0
11 107 0.0
11 108 0.0
11 109 0.0
11 110 0.0
11 111 0.0
11 112 0.0
11 113 0.0
11 114 0.0
11 115 0.10435177140809475
11 116 0.042051713353118005
11 117 0.05360562674188974
11 118 0.05730682550612528
11 119 0.055159734851469154
11 120 0.0386865287868858
12 0 0.6030633008462596
12 1 0.5990970835647428
12 2 0.5685735326841775
12 3 0.5850573384288867
12 4 0.6141395187814617
12 5 0.5763093277416785
12 6 0.6039877531493497
12 7 0.6280972351174039
12 8 0.6314417419288656
12 9 0.5498035312487345
12 10 0.6064784348631227
12 11 0.9999999999999999
12 12 0.9999999999999999
12 13 0.6070524798897534
12 14 0.5812085000771593
12 15 0.5850573384288867
12 16 0.6127129263730323
12 17 0.6466428590129981
12 18 0.6314417419288656
12 19 0.5984063716876622
12 20 0.6070524798897534
12 21 0.6674224391196111
12 22 0.6963575181639444
12 23 0.5850573384288867
12 24 0.6370624351781211
12 25 0.5984063716876622
12 26 0.6892152009671538
12 27 0.5980108411766503
12 28 0.6117042910584991
12 29 0.6213380221627159
12 30 0.626328769181322
12 31 0.5142941109928062
12 32 0.6630649835527382
12 33 0.6117042910584991
12 34 0.6117042910584991
12 35 0.6127129263730323
12 36 0.5733005329557039
12 37 0.5657068131347741
12 38 0.5980108411766503
12 39 0.5938556868486717
12 40 0.6070524798897534
12 41 0.5307371702059386
12 42 0.5483744228271951
12 43 0.6127129263730323
12 44 0.5694657037429589
12 45 0.5894072670085349
12 46 0.5763093277416785
12 47 0.558407064559076
12 48 0.5733005329557039
12 49 0.6213380221627159
12 50 0.0735463131352922
12 51 0.0
12 52 0.0
12 53 0.0
12 54 0.01420047742807683
12 55 0.031538785014838505
12 56 0.03409311042168922
12 57 0.03482059637356124
12 58 0.04376881095324085
12 59 0.0
12 60 0.0
12 61 0.02459594839716409
12 62 0.03196422009902561
12 63 0.0
12 64 0.0
12 65 0.0
12 66 0.0
12 67 0.0
12 68 0.04624354712709096
12 69 0.02339541354478655
12 70 0.03161487387093395
12 71 0.05374290129890252
12 72 0.012723634918652133
12 73 0.01420047742807683
12 74 0.0765794667741282
12 75 0.02339541354478655
12 76 0.05360562674188974
12 77 0.03438802558834293
12 78 0.0
12 79 0.07580980435789032
12 80 0.0
12 81 0.0
12 82 0.0
12 83 0.0
12 84 0.04376881095324085
12 85 0.0
12 86 0.0
12 87 0.0
12 88 0.047946330148538406
12 89 0.0
12 90 0.0
12 91 0.0
12 92 0.0
12 93 0.0
12 94 0.0
12 95 0.0
12 96 0.0
12 97 0.0
12 98 0.0
12 99 0.0
12 100 0.0
12 101 0.0
12 102 0.0
12 103 0.0
12 104 0.0
12 105 0.0
12 106 0.0
12 107 0.0
12 108 0.0
12 109 0.0
12 110 0.0
12 111 0.0
12 112 0.0
12 113 0.0
12 114 0.0
12 115 0.10435177140809475
12 116 0.042051713353118005
12 117 0.05360562674188974
12 118 0.05730682550612528
12 119 0.055159734851469154
12 120 0.0386865287868858
13 0 0.7231625095035797
13 1 0.7191012094028307
13 2 0.7543365091413573
13 3 0.6866436491305118
13 4 0.7371567694338407
13 5 0.6767108576070406
13 6 0.7249715207589708
13 7 0.7371567694338407
13 8 0.7407317712102527
13 9 0.6733237089254919
13 10 0.6963106238227914
13 11 0.6070524798897534
13 12 0.6070524798897534
13 13 0.9999999999999998
13 14 0.7253235664820743
13 15 0.7015706849811751
13 16 0.7347338443898488
13 17 0.7424242424242422
13 18 0.7249715207589708
13 19 0.7328457798629511
13 20 0.7272727272727271
13 21 0.7336739820667777
13 22 0.763969233607604
13 23 0.7164977208318384
13 24 0.7164977208318384
13 25 0.7175781594491396
13 26 0.8264714394326625
13 27 0.7011970741152299
13 28 0.7175781594491396
13 29 0.7288792981454688
13 30 0.7503664793768668
13 31 0.6167150602707365
13 32 0.6567895774291852
13 33 0.7328457798629511
13 34 0.7175781594491396
13 35 0.7347338443898488
13 36 0.6725274732627674
13 37 0.7342172431423764
13 38 0.7158053464926305
13 39 0.7575757575757575
13 40 0.9999999999999998
13 41 0.7062926107597395
13 42 0.6582183780869638
13 43 0.7191012094028307
13 44 0.6538155301572053
13 45 0.6917488766649749
13 46 0.6767108576070406
13 47 0.6689936080056724
13 48 0.7297638539659816
13 49 0.7598954384920845
13 50 0.0844400661841498
13 51 0.0
13 52 0.0
13 53 0.0
13 54 0.016303866268150616
13 55 0.03621034121889507
13 56 0.026095343896982936
13 57 0.03997825774007639
13 58 0.050251890762960605
13 59 0.0
13 60 0.0
13 61 0.028239124736245246
13 62 0.01834939608543934
13 63 0.0
13 64 0.0
13 65 0.0
13 66 0.0
13 67 0.0
13 68 0.02654659366009494
13 69 0.0
13 70 0.0
13 71 0.07051811804639267
13 72 0.014608272377400623
13 73 0.0
13 74 0.07033799484533299
13 75 0.026860765467512676
13 76 0.06154574548966636
13 77 0.03948161413992786
13 78 0.0
13 79 0.08703882797784891
13 80 0.0
13 81 0.0
13 82 0.0
13 83 0.0
13 84 0.050251890762960605
13 85 0.0
13 86 0.0
13 87 0.0
13 88 0.05504818825631802
13 89 0.0
13 90 0.0
13 91 0.0
13 92 0.0
13 93 0.0
13 94 0.0
13 95 0.0
13 96 0.0
13 97 0.0
13 98 0.0
13 99 0.0
13 100 0.0
13 101 0.0
13 102 0.0
13 103 0.0
13 104 0.0
13 105 0.0
13 106 0.0
13 107 0.0
13 108 0.0
13 109 0.0
13 110 0.0
13 111 0.0
13 112 0.0
13 113 0.0
13 114 0.0
13 115 0.09984038297885896
13 116 0.02414022747926338
13 117 0.03077287274483318
13 118 0.0657951694959769
13 119 0.06333004963811235
13 120 0.04441681590741884
14 0 0.7071067811865476
14 1 0.6884869911026372
14 2 0.7083333333333335
14 3 0.657411243046284
14 4 0.7211167840203534
14 5 0.6047078979069521
14 6 0.7091966773330619
14 7 0.7211167840203534
14 8 0.7242859683401484
14 9 0.6849495194215732
14 10 0.6805555555555557
14 11 0.5812085000771593
14 12 0.5812085000771593
14 13 0.7253235664820743
14 14 1.0000000000000002
14 15 0.6859943405700354
14 16 0.7034540996048685
14 17 0.6818041524931499
14 18 0.7091966773330619
14 19 0.7454993164109749
14 20 0.7108170951524329
14 21 0.6868295951599089
14 22 0.7314448537477546
14 23 0.6859943405700354
14 24 0.6859943405700354
14 25 0.6870287817905063
14 26 0.7912861598992318
14 27 0.6713450866373513
14 28 0.6870287817905063
14 29 0.7126966450997984
14 30 0.7034540996048685
14 31 0.5904597164647871
14 32 0.6431196942844082
14 33 0.6870287817905063
14 34 0.7016464154456235
14 35 0.7034540996048685
14 36 0.671295864830209
14 37 0.6894410398057408
14 38 0.6713450866373513
14 39 0.6963106238227914
14 40 0.7253235664820743
14 41 0.6629644034797751
14 42 0.6301961180038697
14 43 0.7034540996048685
14 44 0.6259807120445899
14 45 0.6479013191860201
14 46 0.6622991262790429
14 47 0.627168602403258
14 48 0.6986956960477685
14 49 0.7423923386456233
14 50 0.06063390625908325
14 51 0.039283710065919304
14 52 0.0
14 53 0.027777777777777783
14 54 0.015609763526361568
14 55 0.023112508176051216
14 56 0.012492194816597692
14 57 0.04593152121746254
14 58 0.04811252243246882
14 59 0.0
14 60 0.0
14 61 0.02703690352179376
14 62 0.017568209223157664
14 63 0.0
14 64 0.0
14 65 0.0
14 66 0.0
14 67 0.0
14 68 0.025416428388767447
14 69 0.0
14 70 0.0
14 71 0.03375797890278889
14 72 0.013986355971611485
14 73 0.0
14 74 0.06734350297014739
14 75 0.025717224993681988
14 76 0.05892556509887897
14 77 0.045360921162651446
14 78 0.0
14 79 0.08333333333333333
14 80 0.0
14 81 0.0
14 82 0.0
14 83 0.0
14 84 0.04811252243246882
14 85 0.0
14 86 0.0
14 87 0.0
14 88 0.05270462766947299
14 89 0.0
14 90 0.0
14 91 0.0
14 92 0.0
14 93 0.0
14 94 0.0
14 95 0.0
14 96 0.0
14 97 0.0
14 98 0.0
14 99 0.0
14 100 0.0
14 101 0.0
14 102 0.0
14 103 0.0
14 104 0.0
14 105 0.0
14 106 0.0
14 107 0.0
14 108 0.0
14 109 0.0
14 110 0.0
14 111 0.0
14 112 0.0
14 113 0.0
14 114 0.0
14 115 0.09558988911273408
14 116 0.023112508176051216
14 117 0.029462782549439483
14 118 0.06299407883487121
14 119 0.06063390625908325
14 120 0.017010345435994292
15 0 0.7124483985442281
15 1 0.7084472691787521
15 2 0.6717027918081596
15 3 0.6764705882352942
15 4 0.7420230490920403
15 5 0.6222392934932578
15 6 0.7142306081512174
15 7 0.7420230490920403
15 8 0.7297573605023309
15 9 0.6495282415667688
15 10 0.6431196942844082
15 11 0.5850573384288867
15 12 0.5850573384288867
15 13 0.7015706849811751
15 14 0.6859943405700354
15 15 1.0
15 16 0.7238482967695945
15 17 0.7015706849811751
15 18 0.7297573605023309
15 19 0.7069467841755195
15 20 0.7015706849811751
15 21 0.72280413697864
15 22 0.7526505451650554
15 23 0.6911764705882353
15 24 0.7352941176470589
15 25 0.7219882051154242
15 26 0.8142267411934035
15 27 0.6908083950040844
15 28 0.7069467841755195
15 29 0.7333587976225691
15 30 0.7238482967695945
15 31 0.594650843494272
15 32 0.6470588235294118
15 33 0.7069467841755195
15 34 0.7370296260553288
15 35 0.7238482967695945
15 36 0.6766606493215211
15 37 0.6537874887877221
15 38 0.6908083950040844
15 39 0.6717166132798486
15 40 0.7015706849811751
15 41 0.6139662688617954
15 42 0.6484664555997911
15 43 0.7084472691787521
15 44 0.6301260378126043
15 45 0.6815001785878537
15 46 0.6666849573142047
15 47 0.6453511677477803
15 48 0.6484664555997911
15 49 0.7180804893387656
15 50 0.06239177481057772
15 51 0.0
15 52 0.0
15 53 0.0
15 54 0.03212462831016178
15 55 0.023782574707724706
15 56 0.01285436241822652
15 57 0.0472631454134277
15 58 0.04950737714883372
15 59 0.0
15 60 0.0
15 61 0.027820744203732855
15 62 0.03615507630310936
15 63 0.0
15 64 0.0
15 65 0.0
15 66 0.0
15 67 0.0
15 68 0.026153289048297074
15 69 0.0
15 70 0.0
15 71 0.03473667371459374
15 72 0.014391841562585092
15 73 0.0
15 74 0.0692958928675237
15 75 0.026462806201248155
15 76 0.06063390625908324
15 77 0.046676002800933654
15 78 0.0
15 79 0.08574929257125441
15 80 0.0
15 81 0.0
15 82 0.0
15 83 0.0
15 84 0.04950737714883372
15 85 0.0
15 86 0.0
15 87 0.0
15 88 0.05423261445466404
15 89 0.0
15 90 0.0
15 91 0.0
15 92 0.0
15 93 0.0
15 94 0.0
15 95 0.0
15 96 0.0
15 97 0.0
15 98 0.0
15 99 0.0
15 100 0.0
15 101 0.0
15 102 0.0
15 103 0.0
15 104 0.0
15 105 0.0
15 106 0.0
15 107 0.0
15 108 0.0
15 109 0.0
15 110 0.0
15 111 0.0
15 112 0.0
15 113 0.0
15 114 0.0
15 115 0.09836118442057921
15 116 0.023782574707724706
15 117 0.03031695312954162
15 118 0.06482037235521644
15 119 0.06239177481057772
15 120 0.017503501050350125
16 0 0.7302507302510953
16 1 0.7258064516129032
16 2 0.6884869911026372
16 3 0.7084472691787521
16 4 0.7605643785147319
16 5 0.6516524678493257
16 6 0.731731500548367
16 7 0.7605643785147319
16 8 0.7479922005605529
16 9 0.6657583534358912
16 10 0.673519882600406
16 11 0.6127129263730323
16 12 0.6127129263730323
16 13 0.7347338443898488
16 14 0.7034540996048685
16 15 0.7238482967695945
16 16 1.0
16 17 0.7347338443898488
16 18 0.7642529005727389
16 19 0.7246116440821622
16 20 0.7347338443898488
16 21 0.7569709990340501
16 22 0.7698973538621048
16 23 0.7238482967695945
16 24 0.739249324360437
16 25 0.756116498172691
16 26 0.8345722631441089
16 27 0.7536071065605803
16 28 0.7246116440821622
16 29 0.7520240651551335
16 30 0.7580645161290323
16 31 0.6092216562081176
16 32 0.6622441864062247
16 33 0.7403640711274266
16 34 0.7403640711274266
16 35 0.7419354838709677
16 36 0.7086463144289911
16 37 0.6846919424289762
16 38 0.7234628222981571
16 39 0.6878359394287946
16 40 0.7347338443898488
16 41 0.6429883783679226
16 42 0.6938828495450537
16 43 0.7258064516129032
16 44 0.6745767290982251
16 45 0.7137146076444997
16 46 0.6981990726957061
16 47 0.6614769048245083
16 48 0.6938828495450537
16 49 0.7520240651551335
16 50 0.08712136837380642
16 51 0.0
16 52 0.0
16 53 0.0
16 54 0.016821577756312225
16 55 0.024906774069335898
16 56 0.040385959614222124
16 57 0.03299817896324631
16 58 0.05184758473652126
16 59 0.0
16 60 0.0
16 61 0.029135827337403247
16 62 0.018932061141568826
16 63 0.0
16 64 0.0
16 65 0.0
16 66 0.0
16 67 0.0
16 68 0.027389551783238836
16 69 0.0
16 70 0.0
16 71 0.03637867197989336
16 72 0.015072142131211604
16 73 0.0
16 74 0.072571501142966
16 75 0.027713699773684663
16 76 0.06350006350009525
16 77 0.03258824778252295
16 78 0.0
16 79 0.08980265101338744
16 80 0.0
16 81 0.0
16 82 0.0
16 83 0.0
16 84 0.05184758473652126
16 85 0.0
16 86 0.0
16 87 0.0
16 88 0.05679618342470648
16 89 0.0
16 90 0.0
16 91 0.0
16 92 0.0
16 93 0.0
16 94 0.0
16 95 0.0
16 96 0.0
16 97 0.0
16 98 0.0
16 99 0.0
16 100 0.0
16 101 0.0
16 102 0.0
16 103 0.0
16 104 0.0
16 105 0.0
16 106 0.0
16 107 0.0
16 108 0.0
16 109 0.0
16 110 0.0
16 111 0.0
16 112 0.0
16 113 0.0
16 114 0.0
16 115 0.12361284651454937
16 116 0.024906774069335898
16 117 0.031750031750047626
16 118 0.06788442333021306
16 119 0.06534102628035482
16 120 0.036661778755338326
17 0 0.7385489458759964
17 1 0.7191012094028307
17 2 0.6672976811635084
17 3 0.6717166132798486
17 4 0.7371567694338407
17 5 0.6616728385491064
17 6 0.7249715207589708
17 7 0.753181916595446
17 8 0.7407317712102527
17 9 0.6733237089254919
17 10 0.6818041524931499
17 11 0.6466428590129981
17 12 0.6466428590129981
17 13 0.7424242424242422
17 14 0.6818041524931499
17 15 0.7015706849811751
17 16 0.7347338443898488
17 17 0.9999999999999998
17 18 0.7249715207589708
17 19 0.7175781594491396
17 20 0.7272727272727271
17 21 0.7336739820667777
17 22 0.763969233607604
17 23 0.7015706849811751
17 24 0.7463517925331651
17 25 0.7175781594491396
17 26 0.8264714394326625
17 27 0.7158053464926305
17 28 0.7328457798629511
